20 2701.570762
21 3258.953081
22 6525.906866
23 16545.454105
24 30114.646639
25 19655.060727
26 20079.097994
27 4531.064881
28 2552.224303
29 5803.176681
30 4123.029021
31 5661.830926
32 12022.389926
33 8064.708771
34 11032.969638
35 27429.077283
36 23188.704616
37 4813.756392
38 1704.149770
39 1994.841984
40 2693.570059
41 3549.645296
42 5387.140118
43 12870.464460
44 58525.143509
45 8.000703
46 8064.708771
47 15556.033816
48 4115.028318
49 1712.150473
50 149.346459
51 4107.027615
52 11315.661149
53 6376.560407
54 11598.352660
55 16404.108349
56 4115.028318
57 4248.373370
58 1845.495526
59 1704.149770
