10 2300.562034
11 1448.631408
12 5822.534832
13 1724.800000
14 16853.477163
15 20660.510367
16 2993.704127
17 5474.641819
18 3408.422099
19 1709.481757
20 1927.985582
21 3669.640842
22 5104.454809
23 29565.240383
24 29947.530472
25 33418.674190
26 26629.294227
27 10143.155680
28 1209.392009
29 16.509908
30 1860.651108
31 2396.477602
32 7508.111120
33 19352.842224
34 19006.129751
35 22148.256974
36 9925.556912
37 11599.631521
38 4329.352093
39 720.401977
40 3850.683780
41 5532.652406
42 1522.347847
43 9006.365506
44 18113.067122
45 15558.942283
46 9560.024419
47 10185.653141
48 3740.800000
49 1939.849251
50 620.912553
51 83.555560
52 3276.439709
53 4376.790605
54 8606.761875
55 5293.463642
56 13625.798179
57 6999.362447
58 2750.592111
59 1125.524962
