20 2723.496283
21 3260.716352
22 6643.730395
23 16561.614323
24 30114.646639
25 19825.779339
26 20181.626373
27 4575.304403
28 2606.011192
29 5861.139390
30 4191.968479
31 5725.056391
32 12454.759348
33 8100.417264
34 11045.623269
35 27449.419652
36 23319.824810
37 5021.419448
38 1721.212166
39 2027.780126
40 9048.009537
41 5887.950080
42 5531.008693
43 12971.798742
44 58750.261924
45 97.246132
46 10333.965002
47 18951.013707
48 5954.788856
49 1798.512715
50 530.790288
51 4635.009293
52 11423.868603
53 7695.215966
54 12229.447901
55 16490.172777
56 5318.418329
57 4554.876271
58 2422.809377
59 2673.854278
