10 1845.632881
11 1138.851503
12 5803.608598
13 1437.566652
14 16405.329267
15 20646.017535
16 2984.484385
17 4955.470944
18 2835.126810
19 1704.276606
20 1861.635479
21 3549.909487
22 5096.827220
23 29551.462897
24 29834.175448
25 32237.232133
26 26441.624834
27 9620.228039
28 1005.496526
29 16.002597
30 1845.632881
31 1986.989157
32 7358.527629
33 19232.454779
34 18384.317125
35 21776.867740
36 9918.943187
37 11599.215897
38 4115.334589
39 714.782677
40 3824.620740
41 4390.045842
42 1421.564055
43 8913.446661
44 18101.604574
45 15557.191614
46 7641.240181
47 10185.653141
48 3117.839362
49 1845.632881
50 581.427700
51 16.002597
52 3259.195637
53 4107.333291
54 5662.252322
55 4822.115967
56 10468.365692
57 4672.758393
58 1712.277904
59 581.427700
