27.000000 40.000000
27.000000 0.000000
27.000000 40.000000
27.000000 80.000000
27.000064 40.000000
27.000128 0.000000
27.144379 1040.000000
27.144379 0.000000
27.144379 1040.000000
27.146043 0.000000
27.299801 1040.000000
27.299801 0.000000
27.299801 1040.000000
27.301465 0.000000
27.326442 1040.000000
27.326442 0.000000
27.326442 1040.000000
27.328106 0.000000
27.706442 1040.000000
27.706442 0.000000
27.759921 1040.000000
27.759921 0.000000
27.759921 1040.000000
27.761585 0.000000
27.772229 1040.000000
27.772229 0.000000
27.819605 1040.000000
27.819605 0.000000
27.833898 1040.000000
27.833898 0.000000
27.833898 1040.000000
27.835562 0.000000
28.358382 1040.000000
28.358382 0.000000
28.406696 1040.000000
28.406696 0.000000
28.593898 1040.000000
28.593898 0.000000
29.122592 1040.000000
29.122592 0.000000
29.122592 1040.000000
29.124256 0.000000
29.502181 1040.000000
29.502181 0.000000
29.514270 1040.000000
29.514270 0.000000
29.514270 1040.000000
29.515934 0.000000
29.880318 1040.000000
29.880318 0.000000
29.894531 1040.000000
29.894531 0.000000
29.906699 1040.000000
29.906699 0.000000
30.000000 40.000000
30.000000 0.000000
30.000000 40.000000
30.000064 0.000000
30.417735 1040.000000
30.417735 0.000000
30.419799 1040.000000
30.419799 0.000000
30.419799 1040.000000
30.421463 0.000000
30.441952 1040.000000
30.441952 0.000000
30.978290 1040.000000
30.978290 0.000000
30.992543 1040.000000
30.992543 0.000000
31.014276 1040.000000
31.014276 0.000000
31.600107 1040.000000
31.600107 0.000000
31.657367 1040.000000
31.657367 0.000000
32.232302 1040.000000
32.232302 0.000000
32.232302 1040.000000
32.233966 0.000000
32.902487 1040.000000
32.902487 0.000000
33.493507 1040.000000
33.493507 0.000000
34.110832 1040.000000
34.110832 0.000000
34.262487 1040.000000
34.262487 0.000000
34.899292 1040.000000
34.899292 0.000000
34.899292 1040.000000
34.900956 0.000000
35.523779 1040.000000
35.523779 0.000000
35.535747 1040.000000
35.535747 0.000000
36.000000 40.000000
36.000000 0.000000
36.000000 40.000000
36.000064 0.000000
36.137891 1040.000000
36.137891 0.000000
36.137891 1040.000000
36.139555 0.000000
36.162388 1040.000000
36.162388 0.000000
36.782250 1040.000000
36.782250 0.000000
37.420147 1040.000000
37.420147 0.000000
37.652388 1040.000000
37.652388 0.000000
38.263175 1040.000000
38.263175 0.000000
38.263175 1040.000000
38.264839 0.000000
41.243175 1040.000000
41.243175 0.000000
41.876730 1040.000000
41.876730 0.000000
41.876730 1040.000000
41.878394 0.000000
42.508117 1040.000000
42.508117 0.000000
42.522349 1040.000000
42.522349 0.000000
43.061248 1040.000000
43.061248 0.000000
43.061248 1040.000000
43.062912 0.000000
43.099297 1040.000000
43.099297 0.000000
43.664170 1040.000000
43.664170 0.000000
43.666295 1040.000000
43.666295 0.000000
43.666295 1040.000000
43.667959 0.000000
43.731841 1040.000000
43.731841 0.000000
44.300672 1040.000000
44.300672 0.000000
44.302716 1040.000000
44.302716 0.000000
44.326853 1040.000000
44.326853 0.000000
44.373163 1040.000000
44.373163 0.000000
44.373163 1040.000000
44.374827 0.000000
44.931853 1040.000000
44.931853 0.000000
44.956310 1040.000000
44.956310 0.000000
45.019517 1040.000000
45.019517 0.000000
45.565350 1040.000000
45.565350 0.000000
46.166332 1040.000000
46.166332 0.000000
46.166332 1040.000000
46.167996 0.000000
46.784115 1040.000000
46.784115 0.000000
46.784115 1040.000000
46.785779 0.000000
47.412263 1040.000000
47.412263 0.000000
47.424231 1040.000000
47.424231 0.000000
47.424231 1040.000000
47.425895 0.000000
48.000000 40.000000
48.000000 0.000000
48.000000 40.000000
48.000064 0.000000
48.024838 1040.000000
48.024838 0.000000
48.036946 1040.000000
48.036946 0.000000
48.049235 1040.000000
48.049235 0.000000
48.049235 1040.000000
48.050899 0.000000
48.647443 1040.000000
48.647443 0.000000
48.673885 1040.000000
48.673885 0.000000
48.686113 1040.000000
48.686113 0.000000
49.286406 1040.000000
49.286406 0.000000
49.300379 1040.000000
49.300379 0.000000
49.312847 1040.000000
49.312847 0.000000
49.969526 1040.000000
49.969526 0.000000
49.969526 1040.000000
49.971190 0.000000
50.570638 1040.000000
50.570638 0.000000
50.604279 1040.000000
50.604279 0.000000
51.176563 1040.000000
51.176563 0.000000
51.176563 1040.000000
51.178227 0.000000
51.227261 1040.000000
51.227261 0.000000
51.831278 1040.000000
51.831278 0.000000
51.870308 1040.000000
51.870308 0.000000
52.471443 1040.000000
52.471443 0.000000
52.535816 1040.000000
52.535816 0.000000
53.176334 1040.000000
53.176334 0.000000
53.176334 1040.000000
53.177998 0.000000
53.837598 1040.000000
53.837598 0.000000
53.841726 1040.000000
53.841726 0.000000
54.476314 1040.000000
54.476314 0.000000
54.476314 1040.000000
54.477978 0.000000
54.490527 1040.000000
54.490527 0.000000
55.136687 1040.000000
55.136687 0.000000
55.759705 1040.000000
55.759705 0.000000
56.106687 1040.000000
56.106687 0.000000
56.375222 1040.000000
56.375222 0.000000
56.727616 1040.000000
56.727616 0.000000
57.014014 1040.000000
57.014014 0.000000
57.014014 1040.000000
57.015678 0.000000
57.367564 1040.000000
57.367564 0.000000
57.997960 1040.000000
57.997960 0.000000
58.580335 1040.000000
58.580335 0.000000
58.645874 1040.000000
58.645874 0.000000
59.186719 1040.000000
59.186719 0.000000
59.186719 1040.000000
59.188383 0.000000
59.283707 1040.000000
59.283707 0.000000
59.914653 1040.000000
59.914653 0.000000
61.046719 1040.000000
61.046719 0.000000
64.766719 1040.000000
64.766719 0.000000
65.408677 1040.000000
65.408677 0.000000
65.408677 1040.000000
65.410341 0.000000
66.089763 1040.000000
66.089763 0.000000
66.089763 1040.000000
66.091427 0.000000
66.764192 1040.000000
66.764192 0.000000
66.766336 1040.000000
66.766336 0.000000
66.766336 1040.000000
66.768000 0.000000
67.452295 1040.000000
67.452295 0.000000
67.464504 1040.000000
67.464504 0.000000
68.091012 1040.000000
68.091012 0.000000
68.103261 1040.000000
68.103261 0.000000
68.404504 1040.000000
68.404504 0.000000
69.034843 1040.000000
69.034843 0.000000
69.034843 1040.000000
69.036507 0.000000
69.597570 1040.000000
69.597570 0.000000
69.611863 1040.000000
69.611863 0.000000
70.210059 1040.000000
70.210059 0.000000
70.210059 1040.000000
70.211723 0.000000
70.872788 1040.000000
70.872788 0.000000
71.050059 1040.000000
71.050059 0.000000
72.000000 40.000000
72.000000 0.000000
72.000000 40.000000
72.000064 0.000000
72.730059 1040.000000
72.730059 0.000000
73.335739 1040.000000
73.335739 0.000000
73.335739 1040.000000
73.337403 0.000000
73.957314 1040.000000
73.957314 0.000000
73.961483 1040.000000
73.961483 0.000000
74.585700 1040.000000
74.585700 0.000000
74.585700 1040.000000
74.587364 0.000000
75.221591 1040.000000
75.221591 0.000000
75.395700 1040.000000
75.395700 0.000000
75.846513 1040.000000
75.846513 0.000000
77.015700 1040.000000
77.015700 0.000000
77.660928 1040.000000
77.660928 0.000000
77.660928 1040.000000
77.662592 0.000000
80.900928 1040.000000
80.900928 0.000000
81.526208 1040.000000
81.526208 0.000000
81.526208 1040.000000
81.527872 0.000000
82.120732 1040.000000
82.120732 0.000000
82.144569 1040.000000
82.144569 0.000000
82.764878 1040.000000
82.764878 0.000000
82.764878 1040.000000
82.766542 0.000000
82.779897 1040.000000
82.779897 0.000000
83.393985 1040.000000
83.393985 0.000000
83.418502 1040.000000
83.418502 0.000000
83.418502 1040.000000
83.420166 0.000000
83.984615 1040.000000
83.984615 0.000000
84.016572 1040.000000
84.016572 0.000000
84.028740 1040.000000
84.028740 0.000000
84.642186 1040.000000
84.642186 0.000000
84.642186 1040.000000
84.643850 0.000000
85.234499 1040.000000
85.234499 0.000000
85.246668 1040.000000
85.246668 0.000000
85.847263 1040.000000
85.847263 0.000000
85.847263 1040.000000
85.848927 0.000000
85.869336 1040.000000
85.869336 0.000000
86.484977 1040.000000
86.484977 0.000000
86.497125 1040.000000
86.497125 0.000000
86.497125 1040.000000
86.498789 0.000000
86.521402 1040.000000
86.521402 0.000000
87.111826 1040.000000
87.111826 0.000000
87.124035 1040.000000
87.124035 0.000000
87.146188 1040.000000
87.146188 0.000000
87.172349 1040.000000
87.172349 0.000000
87.172349 1040.000000
87.174013 0.000000
87.760895 1040.000000
87.760895 0.000000
87.774030 1040.000000
87.774030 0.000000
87.776574 1040.000000
87.776574 0.000000
87.811375 1040.000000
87.811375 0.000000
88.422458 1040.000000
88.422458 0.000000
88.444551 1040.000000
88.444551 0.000000
88.501011 1040.000000
88.501011 0.000000
89.163885 1040.000000
89.163885 0.000000
89.163885 1040.000000
89.165549 0.000000
89.733871 1040.000000
89.733871 0.000000
89.733871 1040.000000
89.735535 0.000000
89.747784 1040.000000
89.747784 0.000000
90.402923 1040.000000
90.402923 0.000000
91.042011 1040.000000
91.042011 0.000000
91.128631 1040.000000
91.128631 0.000000
92.608631 1040.000000
92.608631 0.000000
93.181276 1040.000000
93.181276 0.000000
93.181276 1040.000000
93.182940 0.000000
93.827113 1040.000000
93.827113 0.000000
93.841325 1040.000000
93.841325 0.000000
94.516172 1040.000000
94.516172 0.000000
94.581325 1040.000000
94.581325 0.000000
95.150132 1040.000000
95.150132 0.000000
96.061325 1040.000000
96.061325 0.000000
96.676697 1040.000000
96.676697 0.000000
96.676697 1040.000000
96.678361 0.000000
97.324422 1040.000000
97.324422 0.000000
97.922757 1040.000000
97.922757 0.000000
98.064422 1040.000000
98.064422 0.000000
98.547665 1040.000000
98.547665 0.000000
99.544422 1040.000000
99.544422 0.000000
100.186080 1040.000000
100.186080 0.000000
100.186080 1040.000000
100.187744 0.000000
103.146080 1040.000000
103.146080 0.000000
103.759464 1040.000000
103.759464 0.000000
103.759464 1040.000000
103.761128 0.000000
104.398048 1040.000000
104.398048 0.000000
105.044364 1040.000000
105.044364 0.000000
105.659692 1040.000000
105.659692 0.000000
110.318048 1040.000000
110.318048 0.000000
110.938818 1040.000000
110.938818 0.000000
110.938818 1040.000000
110.940482 0.000000
111.573951 1040.000000
111.573951 0.000000
111.575935 1040.000000
111.575935 0.000000
112.224898 1040.000000
112.224898 0.000000
112.224898 1040.000000
112.226562 0.000000
112.239011 1040.000000
112.239011 0.000000
112.875307 1040.000000
112.875307 0.000000
112.891724 1040.000000
112.891724 0.000000
112.891724 1040.000000
112.893388 0.000000
113.496752 1040.000000
113.496752 0.000000
113.522853 1040.000000
113.522853 0.000000
113.545066 1040.000000
113.545066 0.000000
114.169395 1040.000000
114.169395 0.000000
114.169395 1040.000000
114.171059 0.000000
114.956929 1040.000000
114.956929 0.000000
114.990870 1040.000000
114.990870 0.000000
115.571465 1040.000000
115.571465 0.000000
115.571465 1040.000000
115.573129 0.000000
115.632607 1040.000000
115.632607 0.000000
116.215468 1040.000000
116.215468 0.000000
116.261677 1040.000000
116.261677 0.000000
116.852352 1040.000000
116.852352 0.000000
116.878473 1040.000000
116.878473 0.000000
117.569811 1040.000000
117.569811 0.000000
117.569811 1040.000000
117.571475 0.000000
118.148916 1040.000000
118.148916 0.000000
118.187206 1040.000000
118.187206 0.000000
118.789115 1040.000000
118.789115 0.000000
118.789115 1040.000000
118.790779 0.000000
118.848873 1040.000000
118.848873 0.000000
119.439277 1040.000000
119.439277 0.000000
119.499650 1040.000000
119.499650 0.000000
120.000000 40.000000
120.000000 0.000000
120.000000 40.000000
120.000064 0.000000
120.078147 1040.000000
120.078147 0.000000
120.129372 1040.000000
120.129372 0.000000
120.758354 1040.000000
120.758354 0.000000
120.758354 1040.000000
120.760018 0.000000
121.394485 1040.000000
121.394485 0.000000
121.430830 1040.000000
121.430830 0.000000
122.027007 1040.000000
122.027007 0.000000
122.027007 1040.000000
122.028671 0.000000
122.065357 1040.000000
122.065357 0.000000
122.666459 1040.000000
122.666459 0.000000
122.678588 1040.000000
122.678588 0.000000
123.310658 1040.000000
123.310658 0.000000
123.358552 1040.000000
123.358552 0.000000
123.988667 1040.000000
123.988667 0.000000
123.988667 1040.000000
123.990331 0.000000
124.640693 1040.000000
124.640693 0.000000
125.270290 1040.000000
125.270290 0.000000
125.380693 1040.000000
125.380693 0.000000
125.917471 1040.000000
125.917471 0.000000
125.979340 1040.000000
125.979340 0.000000
125.979340 1040.000000
125.981004 0.000000
126.548607 1040.000000
126.548607 0.000000
126.608850 1040.000000
126.608850 0.000000
127.261013 1040.000000
127.261013 0.000000
127.338850 1040.000000
127.338850 0.000000
127.906599 1040.000000
127.906599 0.000000
127.988554 1040.000000
127.988554 0.000000
127.988554 1040.000000
127.990218 0.000000
128.517191 1040.000000
128.517191 0.000000
128.630236 1040.000000
128.630236 0.000000
129.166370 1040.000000
129.166370 0.000000
129.166370 1040.000000
129.168034 0.000000
129.246842 1040.000000
129.246842 0.000000
129.796230 1040.000000
129.796230 0.000000
129.821267 1040.000000
129.821267 0.000000
129.821267 1040.000000
129.822931 0.000000
129.884454 1040.000000
129.884454 0.000000
130.419687 1040.000000
130.419687 0.000000
130.444064 1040.000000
130.444064 0.000000
130.456133 1040.000000
130.456133 0.000000
130.504567 1040.000000
130.504567 0.000000
130.504567 1040.000000
130.506231 0.000000
131.028924 1040.000000
131.028924 0.000000
131.088162 1040.000000
131.088162 0.000000
131.115449 1040.000000
131.115449 0.000000
131.144953 1040.000000
131.144953 0.000000
131.680933 1040.000000
131.680933 0.000000
131.726803 1040.000000
131.726803 0.000000
132.380999 1040.000000
132.380999 0.000000
132.380999 1040.000000
132.382663 0.000000
133.023635 1040.000000
133.023635 0.000000
133.023635 1040.000000
133.025299 0.000000
133.649192 1040.000000
133.649192 0.000000
133.663713 1040.000000
133.663713 0.000000
133.663713 1040.000000
133.665377 0.000000
134.281402 1040.000000
134.281402 0.000000
134.295534 1040.000000
134.295534 0.000000
134.307863 1040.000000
134.307863 0.000000
134.307863 1040.000000
134.309527 0.000000
134.900257 1040.000000
134.900257 0.000000
134.944843 1040.000000
134.944843 0.000000
134.978684 1040.000000
134.978684 0.000000
134.983898 1040.000000
134.983898 0.000000
135.541582 1040.000000
135.541582 0.000000
135.541582 1040.000000
135.543246 0.000000
135.553790 1040.000000
135.553790 0.000000
135.578067 1040.000000
135.578067 0.000000
135.612348 1040.000000
135.612348 0.000000
136.197907 1040.000000
136.197907 0.000000
136.231310 1040.000000
136.231310 0.000000
136.231310 1040.000000
136.232974 0.000000
136.236205 1040.000000
136.236205 0.000000
136.238249 1040.000000
136.238249 0.000000
136.242638 1040.000000
136.242638 0.000000
136.816205 1040.000000
136.816205 0.000000
136.840682 1040.000000
136.840682 0.000000
136.842726 1040.000000
136.842726 0.000000
136.842726 1040.000000
136.844390 0.000000
136.867423 1040.000000
136.867423 0.000000
137.463324 1040.000000
137.463324 0.000000
137.487641 1040.000000
137.487641 0.000000
137.501894 1040.000000
137.501894 0.000000
138.144568 1040.000000
138.144568 0.000000
138.144568 1040.000000
138.146232 0.000000
138.759041 1040.000000
138.759041 0.000000
138.759041 1040.000000
138.760705 0.000000
138.763090 1040.000000
138.763090 0.000000
138.763090 1040.000000
138.763090 2080.000000
138.764754 1040.000000
138.766418 0.000000
139.379493 1040.000000
139.379493 0.000000
139.405694 1040.000000
139.405694 0.000000
139.473090 1040.000000
139.473090 0.000000
140.893090 1040.000000
140.893090 0.000000
141.504094 1040.000000
141.504094 0.000000
141.504094 1040.000000
141.505758 0.000000
142.164043 1040.000000
142.164043 0.000000
142.178336 1040.000000
142.178336 0.000000
142.808919 1040.000000
142.808919 0.000000
142.808919 1040.000000
142.810583 0.000000
142.821168 1040.000000
142.821168 0.000000
143.443669 1040.000000
143.443669 0.000000
143.455937 1040.000000
143.455937 0.000000
144.081846 1040.000000
144.081846 0.000000
144.127703 1040.000000
144.127703 0.000000
144.733637 1040.000000
144.733637 0.000000
144.733637 1040.000000
144.735301 0.000000
145.354215 1040.000000
145.354215 0.000000
145.378209 1040.000000
145.378209 0.000000
145.979660 1040.000000
145.979660 0.000000
145.979660 1040.000000
145.981324 0.000000
146.003837 1040.000000
146.003837 0.000000
146.618079 1040.000000
146.618079 0.000000
146.632132 1040.000000
146.632132 0.000000
147.237287 1040.000000
147.237287 0.000000
147.253324 1040.000000
147.253324 0.000000
147.901062 1040.000000
147.901062 0.000000
147.901062 1040.000000
147.902726 0.000000
148.487796 1040.000000
148.487796 0.000000
148.510268 1040.000000
148.510268 0.000000
149.136052 1040.000000
149.136052 0.000000
149.240268 1040.000000
149.240268 0.000000
149.770016 1040.000000
149.770016 0.000000
149.896751 1040.000000
149.896751 0.000000
149.896751 1040.000000
149.898415 0.000000
150.369541 1040.000000
150.369541 0.000000
150.559574 1040.000000
150.559574 0.000000
150.990078 1040.000000
150.990078 0.000000
150.990078 1040.000000
150.991742 0.000000
151.180834 1040.000000
151.180834 0.000000
151.650437 1040.000000
151.650437 0.000000
151.676638 1040.000000
151.676638 0.000000
151.676638 1040.000000
151.678302 0.000000
151.798009 1040.000000
151.798009 0.000000
152.240098 1040.000000
152.240098 0.000000
152.322673 1040.000000
152.322673 0.000000
152.324898 1040.000000
152.324898 0.000000
152.408977 1040.000000
152.408977 0.000000
152.408977 1040.000000
152.410641 0.000000
152.866160 1040.000000
152.866160 0.000000
152.959319 1040.000000
152.959319 0.000000
152.973232 1040.000000
152.973232 0.000000
153.497667 1040.000000
153.497667 0.000000
153.571584 1040.000000
153.571584 0.000000
153.583633 1040.000000
153.583633 0.000000
154.239260 1040.000000
154.239260 0.000000
154.239260 1040.000000
154.240924 0.000000
154.854686 1040.000000
154.854686 0.000000
154.854686 1040.000000
154.856350 0.000000
154.856690 1040.000000
154.858014 0.000000
155.509485 1040.000000
155.509485 0.000000
155.509485 1040.000000
155.511149 0.000000
156.139156 1040.000000
156.139156 0.000000
156.182398 1040.000000
156.182398 0.000000
156.229485 1040.000000
156.229485 0.000000
156.868450 1040.000000
156.868450 0.000000
156.868450 1040.000000
156.870114 0.000000
157.474311 1040.000000
157.474311 0.000000
157.496644 1040.000000
157.496644 0.000000
158.128096 1040.000000
158.128096 0.000000
158.216644 1040.000000
158.216644 0.000000
158.915872 1040.000000
158.915872 0.000000
158.915872 1040.000000
158.917536 0.000000
159.549712 1040.000000
159.549712 0.000000
159.566083 1040.000000
159.566083 0.000000
160.170615 1040.000000
160.170615 0.000000
160.170615 1040.000000
160.172279 0.000000
160.207080 1040.000000
160.207080 0.000000
160.840476 1040.000000
160.840476 0.000000
160.852745 1040.000000
160.852745 0.000000
160.852745 1040.000000
160.854409 0.000000
160.855895 1040.000000
160.856073 0.000000
161.483333 1040.000000
161.483333 0.000000
161.505446 1040.000000
161.505446 0.000000
161.521583 1040.000000
161.521583 0.000000
162.108679 1040.000000
162.108679 0.000000
162.120887 1040.000000
162.120887 0.000000
162.231583 1040.000000
162.231583 0.000000
162.848476 1040.000000
162.848476 0.000000
162.848476 1040.000000
162.850140 0.000000
163.500852 1040.000000
163.500852 0.000000
163.500852 1040.000000
163.502516 0.000000
164.148313 1040.000000
164.148313 0.000000
164.152482 1040.000000
164.152482 0.000000
164.152482 1040.000000
164.154146 0.000000
164.780993 1040.000000
164.780993 0.000000
164.797050 1040.000000
164.797050 0.000000
165.381005 1040.000000
165.381005 0.000000
165.415106 1040.000000
165.415106 0.000000
165.487050 1040.000000
165.487050 0.000000
166.097059 1040.000000
166.097059 0.000000
166.097059 1040.000000
166.098723 0.000000
166.758962 1040.000000
166.758962 0.000000
167.391150 1040.000000
167.391150 0.000000
167.478962 1040.000000
167.478962 0.000000
168.016690 1040.000000
168.016690 0.000000
168.126213 1040.000000
168.126213 0.000000
168.126213 1040.000000
168.127877 0.000000
168.661533 1040.000000
168.661533 0.000000
168.760287 1040.000000
168.760287 0.000000
169.316500 1040.000000
169.316500 0.000000
169.316500 1040.000000
169.318164 0.000000
169.391257 1040.000000
169.391257 0.000000
169.992549 1040.000000
169.992549 0.000000
169.994553 1040.000000
169.994553 0.000000
169.994553 1040.000000
169.996217 0.000000
170.008726 1040.000000
170.008726 0.000000
170.666599 1040.000000
170.666599 0.000000
170.668683 1040.000000
170.668683 0.000000
171.311210 1040.000000
171.311210 0.000000
171.314140 1040.000000
171.314140 0.000000
171.965641 1040.000000
171.965641 0.000000
171.965641 1040.000000
171.967305 0.000000
172.612325 1040.000000
172.612325 0.000000
172.612325 1040.000000
172.613989 0.000000
172.630667 1040.000000
172.630667 0.000000
173.247613 1040.000000
173.247613 0.000000
173.247613 1040.000000
173.249277 0.000000
173.916174 1040.000000
173.916174 0.000000
173.918378 1040.000000
173.918378 0.000000
173.937613 1040.000000
173.937613 0.000000
174.599765 1040.000000
174.599765 0.000000
174.599765 1040.000000
174.601429 0.000000
175.198120 1040.000000
175.198120 0.000000
175.210468 1040.000000
175.210468 0.000000
175.830968 1040.000000
175.830968 0.000000
175.830968 1040.000000
175.832632 0.000000
175.843657 1040.000000
175.843657 0.000000
176.529906 1040.000000
176.529906 0.000000
176.532070 1040.000000
176.532070 0.000000
177.173485 1040.000000
177.173485 0.000000
177.289906 1040.000000
177.289906 0.000000
177.928660 1040.000000
177.928660 0.000000
177.928660 1040.000000
177.930324 0.000000
178.571402 1040.000000
178.571402 0.000000
178.571402 1040.000000
178.573066 0.000000
178.587699 1040.000000
178.587699 0.000000
179.182468 1040.000000
179.182468 0.000000
179.182468 1040.000000
179.184132 0.000000
179.232806 1040.000000
179.232806 0.000000
179.826590 1040.000000
179.826590 0.000000
179.850847 1040.000000
179.850847 0.000000
180.000000 40.000000
180.000000 0.000000
180.000000 40.000000
180.000064 0.000000
180.459629 1040.000000
180.459629 0.000000
180.473941 1040.000000
180.473941 0.000000
181.201771 1040.000000
181.201771 0.000000
181.201771 1040.000000
181.203435 0.000000
181.936383 1040.000000
181.936383 0.000000
181.938568 1040.000000
181.938568 0.000000
182.660239 1040.000000
182.660239 0.000000
182.660239 1040.000000
182.661903 0.000000
182.692236 1040.000000
182.692236 0.000000
183.366517 1040.000000
183.366517 0.000000
183.378525 1040.000000
183.378525 0.000000
183.378525 1040.000000
183.380189 0.000000
183.382135 1040.000000
183.382135 0.000000
184.108798 1040.000000
184.108798 0.000000
184.155834 1040.000000
184.155834 0.000000
184.158218 1040.000000
184.158218 0.000000
184.862287 1040.000000
184.862287 0.000000
184.915608 1040.000000
184.915608 0.000000
184.927916 1040.000000
184.927916 0.000000
185.684585 1040.000000
185.684585 0.000000
185.684585 1040.000000
185.686249 0.000000
186.410268 1040.000000
186.410268 0.000000
186.422676 1040.000000
186.422676 0.000000
187.139794 1040.000000
187.139794 0.000000
187.342676 1040.000000
187.342676 0.000000
187.833039 1040.000000
187.833039 0.000000
188.037665 1040.000000
188.037665 0.000000
188.037665 1040.000000
188.039329 0.000000
188.521907 1040.000000
188.521907 0.000000
189.261514 1040.000000
189.261514 0.000000
189.687827 1040.000000
189.687827 0.000000
189.984135 1040.000000
189.984135 0.000000
190.373871 1040.000000
190.373871 0.000000
190.373871 1040.000000
190.375535 0.000000
191.070759 1040.000000
191.070759 0.000000
191.105866 1040.000000
191.105866 0.000000
191.785588 1040.000000
191.785588 0.000000
191.785588 1040.000000
191.787252 0.000000
192.645588 1040.000000
192.645588 0.000000
193.262992 1040.000000
193.262992 0.000000
193.262992 1040.000000
193.264656 0.000000
193.896121 1040.000000
193.896121 0.000000
194.528184 1040.000000
194.528184 0.000000
195.182949 1040.000000
195.182949 0.000000
195.616121 1040.000000
195.616121 0.000000
196.272348 1040.000000
196.272348 0.000000
196.272348 1040.000000
196.274012 0.000000
196.928784 1040.000000
196.928784 0.000000
196.942897 1040.000000
196.942897 0.000000
197.598600 1040.000000
197.598600 0.000000
197.792897 1040.000000
197.792897 0.000000
198.258333 1040.000000
198.258333 0.000000
198.468088 1040.000000
198.468088 0.000000
198.468088 1040.000000
198.469752 0.000000
198.880435 1040.000000
198.880435 0.000000
199.146912 1040.000000
199.146912 0.000000
199.803706 1040.000000
199.803706 0.000000
199.966912 1040.000000
199.966912 0.000000
200.496032 1040.000000
200.496032 0.000000
200.630785 1040.000000
200.630785 0.000000
200.630785 1040.000000
200.632449 0.000000
201.161601 1040.000000
201.161601 0.000000
201.275474 1040.000000
201.275474 0.000000
201.803056 1040.000000
201.803056 0.000000
201.803056 1040.000000
201.804720 0.000000
201.899624 1040.000000
201.899624 0.000000
202.447138 1040.000000
202.447138 0.000000
202.480842 1040.000000
202.480842 0.000000
202.480842 1040.000000
202.482506 0.000000
202.529816 1040.000000
202.529816 0.000000
203.073215 1040.000000
203.073215 0.000000
203.129589 1040.000000
203.129589 0.000000
203.148544 1040.000000
203.148544 0.000000
203.182265 1040.000000
203.182265 0.000000
203.182265 1040.000000
203.183929 0.000000
203.695634 1040.000000
203.695634 0.000000
203.836568 1040.000000
203.836568 0.000000
203.863715 1040.000000
203.863715 0.000000
204.344869 1040.000000
204.344869 0.000000
204.971297 1040.000000
204.971297 0.000000
204.971297 1040.000000
204.972961 0.000000
205.605885 1040.000000
205.605885 0.000000
205.605885 1040.000000
205.607549 0.000000
206.233873 1040.000000
206.233873 0.000000
206.245921 1040.000000
206.245921 0.000000
206.245921 1040.000000
206.247585 0.000000
206.880510 1040.000000
206.880510 0.000000
206.882834 1040.000000
206.882834 0.000000
207.500556 1040.000000
207.500556 0.000000
207.514928 1040.000000
207.514928 0.000000
207.682834 1040.000000
207.682834 0.000000
208.325265 1040.000000
208.325265 0.000000
208.325265 1040.000000
208.326929 0.000000
208.950269 1040.000000
208.950269 0.000000
208.982546 1040.000000
208.982546 0.000000
209.578992 1040.000000
209.578992 0.000000
209.578992 1040.000000
209.580656 0.000000
209.614978 1040.000000
209.614978 0.000000
210.202400 1040.000000
210.202400 0.000000
210.214688 1040.000000
210.214688 0.000000
210.214688 1040.000000
210.216352 0.000000
210.822822 1040.000000
210.822822 0.000000
210.836835 1040.000000
210.836835 0.000000
210.884511 1040.000000
210.884511 0.000000
211.507313 1040.000000
211.507313 0.000000
211.507313 1040.000000
211.508977 0.000000
212.136492 1040.000000
212.136492 0.000000
212.759439 1040.000000
212.759439 0.000000
212.926492 1040.000000
212.926492 0.000000
213.395769 1040.000000
213.395769 0.000000
214.506492 1040.000000
214.506492 0.000000
215.162958 1040.000000
215.162958 0.000000
215.162958 1040.000000
215.164622 0.000000
215.800243 1040.000000
215.800243 0.000000
216.438983 1040.000000
216.438983 0.000000
216.570243 1040.000000
216.570243 0.000000
217.064776 1040.000000
217.064776 0.000000
217.231353 1040.000000
217.231353 0.000000
217.231353 1040.000000
217.233017 0.000000
217.658727 1040.000000
217.658727 0.000000
217.843060 1040.000000
217.843060 0.000000
218.327984 1040.000000
218.327984 0.000000
218.327984 1040.000000
218.329648 0.000000
218.453697 1040.000000
218.453697 0.000000
218.947110 1040.000000
218.947110 0.000000
218.961183 1040.000000
218.961183 0.000000
218.961183 1040.000000
218.962847 0.000000
219.079604 1040.000000
219.079604 0.000000
219.585932 1040.000000
219.585932 0.000000
219.634846 1040.000000
219.634846 0.000000
219.775179 1040.000000
219.775179 0.000000
220.277103 1040.000000
220.277103 0.000000
220.310884 1040.000000
220.310884 0.000000
220.952335 1040.000000
220.952335 0.000000
220.952335 1040.000000
220.953999 0.000000
221.607751 1040.000000
221.607751 0.000000
221.620019 1040.000000
221.620019 0.000000
222.289700 1040.000000
222.289700 0.000000
222.289700 1040.000000
222.291364 0.000000
222.323941 1040.000000
222.323941 0.000000
223.103941 1040.000000
223.103941 0.000000
223.880358 1040.000000
223.880358 0.000000
223.880358 1040.000000
223.882022 0.000000
224.651598 1040.000000
224.651598 0.000000
224.683555 1040.000000
224.683555 0.000000
225.411715 1040.000000
225.411715 0.000000
225.411715 1040.000000
225.413379 0.000000
225.435932 1040.000000
225.435932 0.000000
226.205108 1040.000000
226.205108 0.000000
226.244443 1040.000000
226.244443 0.000000
226.986471 1040.000000
226.986471 0.000000
227.002508 1040.000000
227.002508 0.000000
227.767527 1040.000000
227.767527 0.000000
227.767527 1040.000000
227.769191 0.000000
228.495017 1040.000000
228.495017 0.000000
228.519354 1040.000000
228.519354 0.000000
229.221734 1040.000000
229.221734 0.000000
229.221734 1040.000000
229.223398 0.000000
229.987892 1040.000000
229.987892 0.000000
230.181734 1040.000000
230.181734 0.000000
230.942464 1040.000000
230.942464 0.000000
230.942464 1040.000000
230.944128 0.000000
231.618772 1040.000000
231.618772 0.000000
231.622961 1040.000000
231.622961 0.000000
232.292061 1040.000000
232.292061 0.000000
232.292061 1040.000000
232.293725 0.000000
232.316038 1040.000000
232.316038 0.000000
232.913132 1040.000000
232.913132 0.000000
232.929749 1040.000000
232.929749 0.000000
232.929749 1040.000000
232.931413 0.000000
232.992533 1040.000000
232.992533 0.000000
233.524733 1040.000000
233.524733 0.000000
233.557110 1040.000000
233.557110 0.000000
233.584537 1040.000000
233.584537 0.000000
233.623047 1040.000000
233.623047 0.000000
233.623047 1040.000000
233.624711 0.000000
234.165193 1040.000000
234.165193 0.000000
234.169542 1040.000000
234.169542 0.000000
234.215712 1040.000000
234.215712 0.000000
234.254201 1040.000000
234.254201 0.000000
234.782925 1040.000000
234.782925 0.000000
234.797317 1040.000000
234.797317 0.000000
234.855976 1040.000000
234.855976 0.000000
235.479421 1040.000000
235.479421 0.000000
235.479421 1040.000000
235.481085 0.000000
236.104454 1040.000000
236.104454 0.000000
236.108503 1040.000000
236.108503 0.000000
236.724662 1040.000000
236.724662 0.000000
236.724662 1040.000000
236.726326 0.000000
237.419598 1040.000000
237.419598 0.000000
237.431646 1040.000000
237.431646 0.000000
237.584662 1040.000000
237.584662 0.000000
238.267043 1040.000000
238.267043 0.000000
238.267043 1040.000000
238.268707 0.000000
238.898903 1040.000000
238.898903 0.000000
238.914261 1040.000000
238.914261 0.000000
239.478428 1040.000000
239.478428 0.000000
239.478428 1040.000000
239.480092 0.000000
239.535628 1040.000000
239.535628 0.000000
240.000000 40.000000
240.000000 0.000000
240.000000 40.000000
240.000064 0.000000
240.115345 1040.000000
240.115345 0.000000
240.162394 1040.000000
240.162394 0.000000
240.761560 1040.000000
240.761560 0.000000
240.773649 1040.000000
240.773649 0.000000
241.418373 1040.000000
241.418373 0.000000
241.418373 1040.000000
241.420037 0.000000
241.997965 1040.000000
241.997965 0.000000
242.010333 1040.000000
242.010333 0.000000
242.618798 1040.000000
242.618798 0.000000
242.618798 1040.000000
242.620462 0.000000
242.652679 1040.000000
242.652679 0.000000
243.262154 1040.000000
243.262154 0.000000
243.274183 1040.000000
243.274183 0.000000
243.274183 1040.000000
243.275847 0.000000
243.286511 1040.000000
243.286511 0.000000
243.893541 1040.000000
243.893541 0.000000
243.905549 1040.000000
243.905549 0.000000
243.927662 1040.000000
243.927662 0.000000
243.929666 1040.000000
243.929666 0.000000
243.929666 1040.000000
243.931330 0.000000
244.507064 1040.000000
244.507064 0.000000
244.523441 1040.000000
244.523441 0.000000
244.537934 1040.000000
244.537934 0.000000
244.552247 1040.000000
244.552247 0.000000
244.574219 1040.000000
244.574219 0.000000
244.574219 1040.000000
244.575883 0.000000
245.157127 1040.000000
245.157127 0.000000
245.169216 1040.000000
245.169216 0.000000
245.207545 1040.000000
245.207545 0.000000
245.209570 1040.000000
245.209570 0.000000
245.826597 1040.000000
245.826597 0.000000
245.826597 1040.000000
245.828261 0.000000
246.437525 1040.000000
246.437525 0.000000
246.437525 1040.000000
246.437525 2080.000000
246.439189 1040.000000
246.440853 0.000000
246.451657 1040.000000
246.451657 0.000000
247.112236 1040.000000
247.112236 0.000000
247.177525 1040.000000
247.177525 0.000000
247.936639 1040.000000
247.936639 0.000000
247.936639 1040.000000
247.938303 0.000000
248.655769 1040.000000
248.655769 0.000000
248.655769 1040.000000
248.657433 0.000000
248.679946 1040.000000
248.679946 0.000000
249.395030 1040.000000
249.395030 0.000000
249.395030 1040.000000
249.396694 0.000000
249.419207 1040.000000
249.419207 0.000000
250.151926 1040.000000
250.151926 0.000000
250.154091 1040.000000
250.154091 0.000000
250.154091 1040.000000
250.155755 0.000000
250.214155 1040.000000
250.214155 0.000000
250.872150 1040.000000
250.872150 0.000000
250.896347 1040.000000
250.896347 0.000000
250.910679 1040.000000
250.910679 0.000000
250.991910 1040.000000
250.991910 0.000000
250.991910 1040.000000
250.993574 0.000000
251.610570 1040.000000
251.610570 0.000000
251.672917 1040.000000
251.672917 0.000000
251.707736 1040.000000
251.707736 0.000000
251.826819 1040.000000
251.826819 0.000000
252.483582 1040.000000
252.483582 0.000000
252.655912 1040.000000
252.655912 0.000000
252.746819 1040.000000
252.746819 0.000000
253.551459 1040.000000
253.551459 0.000000
253.551459 1040.000000
253.553123 0.000000
254.267791 1040.000000
254.267791 0.000000
254.269915 1040.000000
254.269915 0.000000
254.269915 1040.000000
254.271579 0.000000
254.978183 1040.000000
254.978183 0.000000
255.002160 1040.000000
255.002160 0.000000
255.039831 1040.000000
255.039831 0.000000
255.719729 1040.000000
255.719729 0.000000
255.766619 1040.000000
255.766619 0.000000
255.969831 1040.000000
255.969831 0.000000
256.712357 1040.000000
256.712357 0.000000
256.712357 1040.000000
256.714021 0.000000
258.572357 1040.000000
258.572357 0.000000
262.292357 1040.000000
262.292357 0.000000
262.942461 1040.000000
262.942461 0.000000
262.942461 1040.000000
262.944125 0.000000
263.558754 1040.000000
263.558754 0.000000
263.635721 1040.000000
263.635721 0.000000
264.182336 1040.000000
264.182336 0.000000
264.182336 1040.000000
264.184000 0.000000
264.267015 1040.000000
264.267015 0.000000
264.911955 1040.000000
264.911955 0.000000
265.177015 1040.000000
265.177015 0.000000
265.575865 1040.000000
265.575865 0.000000
266.997015 1040.000000
266.997015 0.000000
267.639832 1040.000000
267.639832 0.000000
267.639832 1040.000000
267.641496 0.000000
268.283637 1040.000000
268.283637 0.000000
268.283637 1040.000000
268.285301 0.000000
268.336747 1040.000000
268.336747 0.000000
268.886192 1040.000000
268.886192 0.000000
268.886192 1040.000000
268.887856 0.000000
268.949199 1040.000000
268.949199 0.000000
269.537275 1040.000000
269.537275 0.000000
269.551488 1040.000000
269.551488 0.000000
269.551488 1040.000000
269.553152 0.000000
270.189254 1040.000000
270.189254 0.000000
270.191279 1040.000000
270.191279 0.000000
270.203247 1040.000000
270.203247 0.000000
270.898160 1040.000000
270.898160 0.000000
270.898160 1040.000000
270.899824 0.000000
271.461693 1040.000000
271.461693 0.000000
271.485710 1040.000000
271.485710 0.000000
272.111862 1040.000000
272.111862 0.000000
272.111862 1040.000000
272.113526 0.000000
272.133695 1040.000000
272.133695 0.000000
272.755596 1040.000000
272.755596 0.000000
272.767585 1040.000000
272.767585 0.000000
272.767585 1040.000000
272.769249 0.000000
272.769709 1040.000000
272.770913 0.000000
273.375648 1040.000000
273.375648 0.000000
273.390021 1040.000000
273.390021 0.000000
273.401969 1040.000000
273.401969 0.000000
273.426006 1040.000000
273.426006 0.000000
273.426006 1040.000000
273.427670 0.000000
274.040671 1040.000000
274.040671 0.000000
274.042915 1040.000000
274.042915 0.000000
274.054944 1040.000000
274.054944 0.000000
274.069296 1040.000000
274.069296 0.000000
274.672265 1040.000000
274.672265 0.000000
274.686598 1040.000000
274.686598 0.000000
274.688602 1040.000000
274.688602 0.000000
275.365703 1040.000000
275.365703 0.000000
275.365703 1040.000000
275.367367 0.000000
276.023625 1040.000000
276.023625 0.000000
276.677352 1040.000000
276.677352 0.000000
276.803625 1040.000000
276.803625 0.000000
277.339850 1040.000000
277.339850 0.000000
277.456786 1040.000000
277.456786 0.000000
277.456786 1040.000000
277.458450 0.000000
277.983293 1040.000000
277.983293 0.000000
278.140303 1040.000000
278.140303 0.000000
278.588259 1040.000000
278.588259 0.000000
278.588259 1040.000000
278.589923 0.000000
278.786677 1040.000000
278.786677 0.000000
279.255466 1040.000000
279.255466 0.000000
279.916220 1040.000000
279.916220 0.000000
279.995466 1040.000000
279.995466 0.000000
280.602186 1040.000000
280.602186 0.000000
281.475466 1040.000000
281.475466 0.000000
284.435466 1040.000000
284.435466 0.000000
285.115665 1040.000000
285.115665 0.000000
285.115665 1040.000000
285.117329 0.000000
285.745682 1040.000000
285.745682 0.000000
285.757670 1040.000000
285.757670 0.000000
286.432587 1040.000000
286.432587 0.000000
286.497670 1040.000000
286.497670 0.000000
287.143254 1040.000000
287.143254 0.000000
287.169295 1040.000000
287.169295 0.000000
287.169295 1040.000000
287.170959 0.000000
287.782956 1040.000000
287.782956 0.000000
287.819462 1040.000000
287.819462 0.000000
288.416711 1040.000000
288.416711 0.000000
288.416711 1040.000000
288.418375 0.000000
288.441468 1040.000000
288.441468 0.000000
289.052319 1040.000000
289.052319 0.000000
289.064467 1040.000000
289.064467 0.000000
289.064467 1040.000000
289.066131 0.000000
289.670360 1040.000000
289.670360 0.000000
289.682508 1040.000000
289.682508 0.000000
289.698685 1040.000000
289.698685 0.000000
290.340514 1040.000000
290.340514 0.000000
290.340514 1040.000000
290.342178 0.000000
290.982258 1040.000000
290.982258 0.000000
290.984262 1040.000000
290.984262 0.000000
291.627089 1040.000000
291.627089 0.000000
291.684262 1040.000000
291.684262 0.000000
292.236210 1040.000000
292.236210 0.000000
292.296693 1040.000000
292.296693 0.000000
292.296693 1040.000000
292.298357 0.000000
292.880036 1040.000000
292.880036 0.000000
292.942803 1040.000000
292.942803 0.000000
293.527097 1040.000000
293.527097 0.000000
293.527097 1040.000000
293.528761 0.000000
293.531266 1040.000000
293.531266 0.000000
294.164279 1040.000000
294.164279 0.000000
294.186351 1040.000000
294.186351 0.000000
294.186351 1040.000000
294.188015 0.000000
294.846756 1040.000000
294.846756 0.000000
294.848820 1040.000000
294.848820 0.000000
294.874961 1040.000000
294.874961 0.000000
295.499533 1040.000000
295.499533 0.000000
295.499533 1040.000000
295.501197 0.000000
296.113382 1040.000000
296.113382 0.000000
296.135175 1040.000000
296.135175 0.000000
296.770621 1040.000000
296.770621 0.000000
296.865175 1040.000000
296.865175 0.000000
297.436487 1040.000000
297.436487 0.000000
297.474997 1040.000000
297.474997 0.000000
297.474997 1040.000000
297.476661 0.000000
298.079268 1040.000000
298.079268 0.000000
298.103905 1040.000000
298.103905 0.000000
298.719772 1040.000000
298.719772 0.000000
298.719772 1040.000000
298.721436 0.000000
298.721756 1040.000000
298.723100 0.000000
299.355934 1040.000000
299.355934 0.000000
299.415876 1040.000000
299.415876 0.000000
299.415876 1040.000000
299.417540 0.000000
299.440579 1040.000000
299.440579 0.000000
299.963419 1040.000000
299.963419 0.000000
300.000000 40.000000
300.000000 0.000000
300.000000 40.000000
300.000064 0.000000
300.019073 1040.000000
300.019073 0.000000
300.032966 1040.000000
300.032966 0.000000
300.078448 1040.000000
300.078448 0.000000
300.088789 1040.000000
300.088789 0.000000
