27.000000 40.000000
27.000000 0.000000
27.000000 40.000000
27.000000 80.000000
27.000064 40.000000
27.000128 0.000000
27.162237 1040.000000
27.162237 0.000000
27.162237 1040.000000
27.163901 0.000000
27.398953 1040.000000
27.398953 0.000000
27.398953 1040.000000
27.400617 0.000000
27.420986 1040.000000
27.420986 0.000000
27.420986 1040.000000
27.422650 0.000000
27.910986 1040.000000
27.910986 0.000000
27.945847 1040.000000
27.945847 0.000000
27.945847 1040.000000
27.947511 0.000000
27.972348 1040.000000
27.972348 0.000000
28.008087 1040.000000
28.008087 0.000000
28.010091 1040.000000
28.010091 0.000000
28.010091 1040.000000
28.011755 0.000000
28.532289 1040.000000
28.532289 0.000000
28.564366 1040.000000
28.564366 0.000000
29.098495 1040.000000
29.098495 0.000000
29.467560 1040.000000
29.467560 0.000000
29.841969 1040.000000
29.841969 0.000000
29.841969 1040.000000
29.843633 0.000000
30.000000 40.000000
30.000000 0.000000
30.000000 40.000000
30.000064 0.000000
30.339171 1040.000000
30.339171 0.000000
30.339171 1040.000000
30.340835 0.000000
30.341275 1040.000000
30.342499 0.000000
30.914117 1040.000000
30.914117 0.000000
30.914117 1040.000000
30.915781 0.000000
30.953973 1040.000000
30.953973 0.000000
31.565140 1040.000000
31.565140 0.000000
31.577049 1040.000000
31.577049 0.000000
31.577049 1040.000000
31.578713 0.000000
31.633170 1040.000000
31.633170 0.000000
32.152978 1040.000000
32.152978 0.000000
32.181584 1040.000000
32.181584 0.000000
32.183708 1040.000000
32.183708 0.000000
32.205901 1040.000000
32.205901 0.000000
32.205901 1040.000000
32.207565 0.000000
32.796417 1040.000000
32.796417 0.000000
32.829074 1040.000000
32.829074 0.000000
32.841383 1040.000000
32.841383 0.000000
32.855516 1040.000000
32.855516 0.000000
33.445851 1040.000000
33.445851 0.000000
34.086555 1040.000000
34.086555 0.000000
34.086555 1040.000000
34.088219 0.000000
34.727683 1040.000000
34.727683 0.000000
34.727683 1040.000000
34.729347 0.000000
34.729687 1040.000000
34.731011 0.000000
35.319537 1040.000000
35.319537 0.000000
35.319537 1040.000000
35.321201 0.000000
35.331886 1040.000000
35.331886 0.000000
35.941591 1040.000000
35.941591 0.000000
35.955744 1040.000000
35.955744 0.000000
35.955744 1040.000000
35.957408 0.000000
35.968312 1040.000000
35.968312 0.000000
36.000000 40.000000
36.000000 0.000000
36.000000 40.000000
36.000064 0.000000
36.592884 1040.000000
36.592884 0.000000
36.594868 1040.000000
36.594868 0.000000
36.607096 1040.000000
36.607096 0.000000
37.218923 1040.000000
37.218923 0.000000
37.243000 1040.000000
37.243000 0.000000
37.845966 1040.000000
37.845966 0.000000
37.845966 1040.000000
37.847630 0.000000
38.490475 1040.000000
38.490475 0.000000
38.490475 1040.000000
38.492139 0.000000
39.098551 1040.000000
39.098551 0.000000
39.110799 1040.000000
39.110799 0.000000
39.110799 1040.000000
39.112463 0.000000
39.799464 1040.000000
39.799464 0.000000
39.801489 1040.000000
39.801489 0.000000
40.354361 1040.000000
40.354361 0.000000
40.356605 1040.000000
40.356605 0.000000
40.910615 1040.000000
40.910615 0.000000
41.536315 1040.000000
41.536315 0.000000
41.536315 1040.000000
41.537979 0.000000
42.172557 1040.000000
42.172557 0.000000
42.811876 1040.000000
42.811876 0.000000
43.417922 1040.000000
43.417922 0.000000
43.492557 1040.000000
43.492557 0.000000
44.067225 1040.000000
44.067225 0.000000
44.067225 1040.000000
44.068889 0.000000
44.690808 1040.000000
44.690808 0.000000
44.712721 1040.000000
44.712721 0.000000
45.314639 1040.000000
45.314639 0.000000
45.314639 1040.000000
45.316303 0.000000
45.340162 1040.000000
45.340162 0.000000
45.933780 1040.000000
45.933780 0.000000
45.945949 1040.000000
45.945949 0.000000
45.945949 1040.000000
45.947613 0.000000
45.960242 1040.000000
45.960242 0.000000
46.497154 1040.000000
46.497154 0.000000
46.509222 1040.000000
46.509222 0.000000
46.521190 1040.000000
46.521190 0.000000
46.587109 1040.000000
46.587109 0.000000
46.587109 1040.000000
46.588773 0.000000
47.100868 1040.000000
47.100868 0.000000
47.115181 1040.000000
47.115181 0.000000
47.139378 1040.000000
47.139378 0.000000
47.214281 1040.000000
47.214281 0.000000
47.216505 1040.000000
47.216505 0.000000
47.216505 1040.000000
47.218169 0.000000
47.725779 1040.000000
47.725779 0.000000
47.740112 1040.000000
47.740112 0.000000
47.838722 1040.000000
47.838722 0.000000
47.840986 1040.000000
47.840986 0.000000
47.874888 1040.000000
47.874888 0.000000
48.000000 40.000000
48.000000 0.000000
48.000000 40.000000
48.000064 0.000000
48.351251 1040.000000
48.351251 0.000000
48.355379 1040.000000
48.355379 0.000000
48.474980 1040.000000
48.474980 0.000000
48.649548 1040.000000
48.649548 0.000000
49.091662 1040.000000
49.091662 0.000000
49.091662 1040.000000
49.093326 0.000000
49.288430 1040.000000
49.288430 0.000000
49.288430 1040.000000
49.290094 0.000000
49.731544 1040.000000
49.731544 0.000000
49.731544 1040.000000
49.731544 2080.000000
49.733208 1040.000000
49.734872 0.000000
50.339790 1040.000000
50.339790 0.000000
50.386100 1040.000000
50.386100 0.000000
50.400373 1040.000000
50.400373 0.000000
50.959734 1040.000000
50.959734 0.000000
50.959734 1040.000000
50.961398 0.000000
51.018052 1040.000000
51.018052 0.000000
51.032205 1040.000000
51.032205 0.000000
51.208430 1040.000000
51.208430 0.000000
51.575867 1040.000000
51.575867 0.000000
51.601948 1040.000000
51.601948 0.000000
51.601948 1040.000000
51.603612 0.000000
51.664775 1040.000000
51.664775 0.000000
51.689206 1040.000000
51.689206 0.000000
52.214438 1040.000000
52.214438 0.000000
52.250504 1040.000000
52.250504 0.000000
52.272616 1040.000000
52.272616 0.000000
52.311046 1040.000000
52.311046 0.000000
52.311046 1040.000000
52.312710 0.000000
52.323055 1040.000000
52.323055 0.000000
52.890426 1040.000000
52.890426 0.000000
52.904739 1040.000000
52.904739 0.000000
52.906843 1040.000000
52.906843 0.000000
52.943548 1040.000000
52.943548 0.000000
53.016939 1040.000000
53.016939 0.000000
53.016939 1040.000000
53.018603 0.000000
53.531490 1040.000000
53.531490 0.000000
53.545643 1040.000000
53.545643 0.000000
53.582568 1040.000000
53.582568 0.000000
54.252701 1040.000000
54.252701 0.000000
54.252701 1040.000000
54.254365 0.000000
54.839594 1040.000000
54.839594 0.000000
54.839594 1040.000000
54.839594 2080.000000
54.841258 1040.000000
54.842922 0.000000
54.851842 1040.000000
54.851842 0.000000
55.048430 1040.000000
55.048430 0.000000
55.511034 1040.000000
55.511034 0.000000
55.677230 1040.000000
55.677230 0.000000
55.677230 1040.000000
55.678894 0.000000
56.128675 1040.000000
56.128675 0.000000
56.295292 1040.000000
56.295292 0.000000
56.331377 1040.000000
56.331377 0.000000
56.344892 1040.000000
56.344892 0.000000
56.923644 1040.000000
56.923644 0.000000
56.923644 1040.000000
56.925308 0.000000
56.973600 1040.000000
56.973600 0.000000
56.999821 1040.000000
56.999821 0.000000
56.999821 1040.000000
57.001485 0.000000
57.648271 1040.000000
57.648271 0.000000
58.290460 1040.000000
58.290460 0.000000
58.353600 1040.000000
58.353600 0.000000
58.719821 1040.000000
58.719821 0.000000
58.989897 1040.000000
58.989897 0.000000
58.989897 1040.000000
58.991561 0.000000
59.358399 1040.000000
59.358399 0.000000
59.358399 1040.000000
59.360063 0.000000
59.640407 1040.000000
59.640407 0.000000
59.640407 1040.000000
59.642071 0.000000
59.954828 1040.000000
59.954828 0.000000
59.969140 1040.000000
59.969140 0.000000
60.198137 1040.000000
60.198137 0.000000
60.212930 1040.000000
60.212930 0.000000
60.212930 1040.000000
60.214594 0.000000
60.569548 1040.000000
60.569548 0.000000
60.569548 1040.000000
60.571212 0.000000
60.620707 1040.000000
60.620707 0.000000
60.824309 1040.000000
60.824309 0.000000
60.870018 1040.000000
60.870018 0.000000
61.184622 1040.000000
61.184622 0.000000
61.196810 1040.000000
61.196810 0.000000
61.196810 1040.000000
61.198474 0.000000
61.261037 1040.000000
61.261037 0.000000
61.594232 1040.000000
61.594232 0.000000
61.614557 1040.000000
61.614557 0.000000
61.817558 1040.000000
61.817558 0.000000
61.853563 1040.000000
61.853563 0.000000
61.866678 1040.000000
61.866678 0.000000
61.897090 1040.000000
61.897090 0.000000
61.897090 1040.000000
61.898754 0.000000
61.980018 1040.000000
61.980018 0.000000
62.423719 1040.000000
62.423719 0.000000
62.472613 1040.000000
62.472613 0.000000
62.485002 1040.000000
62.485002 0.000000
62.533375 1040.000000
62.533375 0.000000
62.623291 1040.000000
62.623291 0.000000
62.623291 1040.000000
62.624955 0.000000
63.076591 1040.000000
63.076591 0.000000
63.103832 1040.000000
63.103832 0.000000
63.115921 1040.000000
63.115921 0.000000
63.269203 1040.000000
63.269203 0.000000
63.271187 1040.000000
63.271187 0.000000
63.796502 1040.000000
63.796502 0.000000
63.796502 1040.000000
63.798166 0.000000
63.882766 1040.000000
63.882766 0.000000
63.882766 1040.000000
63.884430 0.000000
63.937490 1040.000000
63.937490 0.000000
64.402538 1040.000000
64.402538 0.000000
64.402538 1040.000000
64.404202 0.000000
64.441434 1040.000000
64.441434 0.000000
64.514825 1040.000000
64.514825 0.000000
64.526954 1040.000000
64.526954 0.000000
64.526954 1040.000000
64.528618 0.000000
64.594578 1040.000000
64.594578 0.000000
65.079937 1040.000000
65.079937 0.000000
65.173881 1040.000000
65.173881 0.000000
65.185870 1040.000000
65.185870 0.000000
65.231599 1040.000000
65.231599 0.000000
65.636883 1040.000000
65.636883 0.000000
65.785341 1040.000000
65.785341 0.000000
65.796673 1040.000000
65.796673 0.000000
65.798898 1040.000000
65.798898 0.000000
66.708898 1040.000000
66.708898 0.000000
67.245341 1040.000000
67.245341 0.000000
67.360999 1040.000000
67.360999 0.000000
67.360999 1040.000000
67.362663 0.000000
67.907272 1040.000000
67.907272 0.000000
67.907272 1040.000000
67.908936 0.000000
68.003362 1040.000000
68.003362 0.000000
68.026541 1040.000000
68.026541 0.000000
68.527695 1040.000000
68.527695 0.000000
68.562703 1040.000000
68.562703 0.000000
68.635493 1040.000000
68.635493 0.000000
68.635493 1040.000000
68.637157 0.000000
68.679618 1040.000000
68.679618 0.000000
69.130431 1040.000000
69.130431 0.000000
69.130431 1040.000000
69.132095 0.000000
69.156552 1040.000000
69.156552 0.000000
69.279551 1040.000000
69.279551 0.000000
69.281575 1040.000000
69.281575 0.000000
69.281575 1040.000000
69.283239 0.000000
69.295988 1040.000000
69.295988 0.000000
69.746016 1040.000000
69.746016 0.000000
69.748221 1040.000000
69.748221 0.000000
69.748221 1040.000000
69.749885 0.000000
69.914051 1040.000000
69.914051 0.000000
69.925959 1040.000000
69.925959 0.000000
70.376370 1040.000000
70.376370 0.000000
70.389038 1040.000000
70.389038 0.000000
70.438221 1040.000000
70.438221 0.000000
70.520107 1040.000000
70.520107 0.000000
70.544264 1040.000000
70.544264 0.000000
71.180748 1040.000000
71.180748 0.000000
71.180748 1040.000000
71.182412 0.000000
71.818221 1040.000000
71.818221 0.000000
71.930748 1040.000000
71.930748 0.000000
72.000000 40.000000
72.000000 0.000000
72.561164 1040.000000
72.561164 0.000000
72.561164 1040.000000
72.562828 0.000000
73.100989 1040.000000
73.100989 0.000000
73.115082 1040.000000
73.115082 0.000000
73.749498 1040.000000
73.749498 0.000000
73.749498 1040.000000
73.751162 0.000000
73.751482 1040.000000
73.752826 0.000000
74.385648 1040.000000
74.385648 0.000000
74.400021 1040.000000
74.400021 0.000000
74.400021 1040.000000
74.401685 0.000000
74.578221 1040.000000
74.578221 0.000000
75.057447 1040.000000
75.057447 0.000000
75.059732 1040.000000
75.059732 0.000000
75.062016 1040.000000
75.062016 0.000000
75.197094 1040.000000
75.197094 0.000000
75.197094 1040.000000
75.198758 0.000000
75.832016 1040.000000
75.832016 0.000000
75.832420 1040.000000
75.832420 2080.000000
75.833680 1040.000000
75.835344 0.000000
76.466432 1040.000000
76.466432 0.000000
76.466432 1040.000000
76.468096 0.000000
76.630359 1040.000000
76.630359 0.000000
77.116645 1040.000000
77.116645 0.000000
77.128793 1040.000000
77.128793 0.000000
77.294423 1040.000000
77.294423 0.000000
77.749416 1040.000000
77.749416 0.000000
77.749416 1040.000000
77.751080 0.000000
77.773433 1040.000000
77.773433 0.000000
78.413800 1040.000000
78.413800 0.000000
78.480406 1040.000000
78.480406 0.000000
79.086187 1040.000000
79.086187 0.000000
79.099022 1040.000000
79.099022 0.000000
79.750385 1040.000000
79.750385 0.000000
79.750385 1040.000000
79.752049 0.000000
80.389305 1040.000000
80.389305 0.000000
80.391509 1040.000000
80.391509 0.000000
81.027127 1040.000000
81.027127 0.000000
81.027127 1040.000000
81.028791 0.000000
81.029351 1040.000000
81.030455 0.000000
81.352420 1040.000000
81.352420 0.000000
81.666859 1040.000000
81.666859 0.000000
81.983092 1040.000000
81.983092 0.000000
81.983092 1040.000000
81.984756 0.000000
82.303197 1040.000000
82.303197 0.000000
82.376859 1040.000000
82.376859 0.000000
82.620433 1040.000000
82.620433 0.000000
82.953194 1040.000000
82.953194 0.000000
83.014317 1040.000000
83.014317 0.000000
83.248309 1040.000000
83.248309 0.000000
83.596643 1040.000000
83.596643 0.000000
83.596643 1040.000000
83.598307 0.000000
83.669674 1040.000000
83.669674 0.000000
83.834345 1040.000000
83.834345 0.000000
84.326872 1040.000000
84.326872 0.000000
84.459199 1040.000000
84.459199 0.000000
84.917472 1040.000000
84.917472 0.000000
84.925787 1040.000000
84.925787 0.000000
85.093226 1040.000000
85.093226 0.000000
85.093226 1040.000000
85.094890 0.000000
85.481803 1040.000000
85.481803 0.000000
85.481803 1040.000000
85.483467 0.000000
85.707031 1040.000000
85.707031 0.000000
85.721223 1040.000000
85.721223 0.000000
86.329011 1040.000000
86.329011 0.000000
86.329011 1040.000000
86.330675 0.000000
86.341519 1040.000000
86.341519 0.000000
86.881803 1040.000000
86.881803 0.000000
86.963700 1040.000000
86.963700 0.000000
86.965945 1040.000000
86.965945 0.000000
86.965945 1040.000000
86.967609 0.000000
87.525529 1040.000000
87.525529 0.000000
87.525529 1040.000000
87.527193 0.000000
87.589422 1040.000000
87.589422 0.000000
87.623645 1040.000000
87.623645 0.000000
88.157549 1040.000000
88.157549 0.000000
88.165945 1040.000000
88.165945 0.000000
88.179462 1040.000000
88.179462 0.000000
88.808518 1040.000000
88.808518 0.000000
88.808518 1040.000000
88.810182 0.000000
88.810602 1040.000000
88.810602 2080.000000
88.811846 1040.000000
88.813510 0.000000
88.862462 1040.000000
88.862462 0.000000
89.427350 1040.000000
89.427350 0.000000
89.427350 1040.000000
89.429014 0.000000
89.439779 1040.000000
89.439779 0.000000
89.452147 1040.000000
89.452147 0.000000
89.600789 1040.000000
89.600789 0.000000
90.085265 1040.000000
90.085265 0.000000
90.087289 1040.000000
90.087289 0.000000
90.087289 1040.000000
90.088953 0.000000
90.089474 1040.000000
90.090617 0.000000
90.202147 1040.000000
90.202147 0.000000
90.684063 1040.000000
90.684063 0.000000
90.706176 1040.000000
90.706176 0.000000
90.706176 1040.000000
90.707840 0.000000
90.708180 1040.000000
90.709504 0.000000
90.825543 1040.000000
90.825543 0.000000
90.825543 1040.000000
90.827207 0.000000
91.311902 1040.000000
91.311902 0.000000
91.347808 1040.000000
91.347808 0.000000
91.349872 1040.000000
91.349872 0.000000
91.469653 1040.000000
91.469653 0.000000
91.949674 1040.000000
91.949674 0.000000
91.990588 1040.000000
91.990588 0.000000
92.013040 1040.000000
92.013040 0.000000
92.145597 1040.000000
92.145597 0.000000
92.199653 1040.000000
92.199653 0.000000
92.679037 1040.000000
92.679037 0.000000
92.679037 1040.000000
92.680701 0.000000
92.789759 1040.000000
92.789759 0.000000
92.870150 1040.000000
92.870150 0.000000
92.870150 1040.000000
92.871814 0.000000
93.288235 1040.000000
93.288235 0.000000
93.292423 1040.000000
93.292423 0.000000
93.354480 1040.000000
93.354480 0.000000
93.507842 1040.000000
93.507842 0.000000
94.053551 1040.000000
94.053551 0.000000
94.053551 1040.000000
94.055215 0.000000
94.112328 1040.000000
94.112328 0.000000
94.152423 1040.000000
94.152423 0.000000
94.646601 1040.000000
94.646601 0.000000
94.663078 1040.000000
94.663078 0.000000
94.663078 1040.000000
94.664742 0.000000
94.736009 1040.000000
94.736009 0.000000
94.770371 1040.000000
94.770371 0.000000
94.770371 1040.000000
94.772035 0.000000
95.273587 1040.000000
95.273587 0.000000
95.296745 1040.000000
95.296745 0.000000
95.407628 1040.000000
95.407628 0.000000
95.409652 1040.000000
95.409652 0.000000
95.411696 1040.000000
95.411696 0.000000
95.878020 1040.000000
95.878020 0.000000
95.902777 1040.000000
95.902777 0.000000
96.017488 1040.000000
96.017488 0.000000
96.017488 1040.000000
96.019152 0.000000
96.042245 1040.000000
96.042245 0.000000
96.548234 1040.000000
96.548234 0.000000
96.548234 1040.000000
96.549898 0.000000
96.662405 1040.000000
96.662405 0.000000
96.664829 1040.000000
96.664829 0.000000
97.151775 1040.000000
97.151775 0.000000
97.155863 1040.000000
97.155863 0.000000
97.300085 1040.000000
97.300085 0.000000
97.302109 1040.000000
97.302109 0.000000
97.772793 1040.000000
97.772793 0.000000
97.772793 1040.000000
97.774457 0.000000
97.774877 1040.000000
97.776121 0.000000
97.956939 1040.000000
97.956939 0.000000
97.956939 1040.000000
97.958603 0.000000
98.386450 1040.000000
98.386450 0.000000
98.400763 1040.000000
98.400763 0.000000
98.400763 1040.000000
98.402427 0.000000
98.412892 1040.000000
98.412892 0.000000
98.596279 1040.000000
98.596279 0.000000
98.746939 1040.000000
98.746939 0.000000
99.051987 1040.000000
99.051987 0.000000
99.066039 1040.000000
99.066039 0.000000
99.132892 1040.000000
99.132892 0.000000
99.388146 1040.000000
99.388146 0.000000
99.388146 1040.000000
99.389810 0.000000
99.760563 1040.000000
99.760563 0.000000
99.760563 1040.000000
99.762227 0.000000
100.006843 1040.000000
100.006843 0.000000
100.019051 1040.000000
100.019051 0.000000
100.360088 1040.000000
100.360088 0.000000
100.360088 1040.000000
100.361752 0.000000
100.372056 1040.000000
100.372056 0.000000
100.617625 1040.000000
100.617625 0.000000
100.617625 1040.000000
100.619289 0.000000
100.651806 1040.000000
100.651806 0.000000
101.017393 1040.000000
101.017393 0.000000
101.262797 1040.000000
101.262797 0.000000
101.287334 1040.000000
101.287334 0.000000
101.639260 1040.000000
101.639260 0.000000
101.725245 1040.000000
101.725245 0.000000
101.883036 1040.000000
101.883036 0.000000
101.921846 1040.000000
101.921846 0.000000
102.581556 1040.000000
102.581556 0.000000
102.581556 1040.000000
102.583220 0.000000
103.165245 1040.000000
103.165245 0.000000
103.239353 1040.000000
103.239353 0.000000
103.805116 1040.000000
103.805116 0.000000
103.805116 1040.000000
103.806780 0.000000
103.969353 1040.000000
103.969353 0.000000
104.446662 1040.000000
104.446662 0.000000
104.593410 1040.000000
104.593410 0.000000
104.593410 1040.000000
104.595074 0.000000
105.085985 1040.000000
105.085985 0.000000
105.192737 1040.000000
105.192737 0.000000
105.230542 1040.000000
105.230542 0.000000
105.853850 1040.000000
105.853850 0.000000
105.853850 1040.000000
105.855514 0.000000
105.868202 1040.000000
105.868202 0.000000
106.520977 1040.000000
106.520977 0.000000
106.535123 1040.000000
106.535123 0.000000
106.535123 1040.000000
106.536787 0.000000
106.599162 1040.000000
106.599162 0.000000
106.685116 1040.000000
106.685116 0.000000
107.131257 1040.000000
107.131257 0.000000
107.143425 1040.000000
107.143425 0.000000
107.157718 1040.000000
107.157718 0.000000
107.244503 1040.000000
107.244503 0.000000
107.244503 1040.000000
107.246167 0.000000
107.328205 1040.000000
107.328205 0.000000
107.328205 1040.000000
107.329869 0.000000
107.802847 1040.000000
107.802847 0.000000
107.804971 1040.000000
107.804971 0.000000
107.819064 1040.000000
107.819064 0.000000
107.887765 1040.000000
107.887765 0.000000
107.995823 1040.000000
107.995823 0.000000
108.414325 1040.000000
108.414325 0.000000
108.450210 1040.000000
108.450210 0.000000
108.482127 1040.000000
108.482127 0.000000
108.633622 1040.000000
108.633622 0.000000
108.735823 1040.000000
108.735823 0.000000
109.129504 1040.000000
109.129504 0.000000
109.129504 1040.000000
109.131168 0.000000
109.286997 1040.000000
109.286997 0.000000
109.393269 1040.000000
109.393269 0.000000
109.393269 1040.000000
109.394933 0.000000
109.717742 1040.000000
109.717742 0.000000
109.719846 1040.000000
109.719846 0.000000
109.921101 1040.000000
109.921101 0.000000
110.062986 1040.000000
110.062986 0.000000
110.334368 1040.000000
110.334368 0.000000
110.334368 1040.000000
110.336032 0.000000
110.346376 1040.000000
110.346376 0.000000
110.546595 1040.000000
110.546595 0.000000
110.546595 1040.000000
110.548259 0.000000
110.665377 1040.000000
110.665377 0.000000
110.970350 1040.000000
110.970350 0.000000
110.994447 1040.000000
110.994447 0.000000
111.196676 1040.000000
111.196676 0.000000
111.283859 1040.000000
111.283859 0.000000
111.598128 1040.000000
111.598128 0.000000
111.610076 1040.000000
111.610076 0.000000
111.832007 1040.000000
111.832007 0.000000
111.907943 1040.000000
111.907943 0.000000
112.236927 1040.000000
112.236927 0.000000
112.236927 1040.000000
112.238591 0.000000
112.559118 1040.000000
112.559118 0.000000
112.559118 1040.000000
112.560782 0.000000
112.887375 1040.000000
112.887375 0.000000
113.216489 1040.000000
113.216489 0.000000
113.498896 1040.000000
113.498896 0.000000
113.637375 1040.000000
113.637375 0.000000
113.840620 1040.000000
113.840620 0.000000
113.956489 1040.000000
113.956489 0.000000
114.289725 1040.000000
114.289725 0.000000
114.289725 1040.000000
114.291389 0.000000
114.477827 1040.000000
114.477827 0.000000
114.916315 1040.000000
114.916315 0.000000
114.918399 1040.000000
114.918399 0.000000
115.436489 1040.000000
115.436489 0.000000
115.547428 1040.000000
115.547428 0.000000
115.547428 1040.000000
115.549092 0.000000
115.585438 1040.000000
115.585438 0.000000
116.074117 1040.000000
116.074117 0.000000
116.074117 1040.000000
116.075781 0.000000
116.179162 1040.000000
116.179162 0.000000
116.203339 1040.000000
116.203339 0.000000
116.203339 1040.000000
116.205003 0.000000
116.699073 1040.000000
116.699073 0.000000
116.725034 1040.000000
116.725034 0.000000
116.818191 1040.000000
116.818191 0.000000
116.830579 1040.000000
116.830579 0.000000
116.864340 1040.000000
116.864340 0.000000
117.299391 1040.000000
117.299391 0.000000
117.299391 1040.000000
117.301055 0.000000
117.364109 1040.000000
117.364109 0.000000
117.491944 1040.000000
117.491944 0.000000
117.491944 1040.000000
117.493608 0.000000
117.958856 1040.000000
117.958856 0.000000
118.088127 1040.000000
118.088127 0.000000
118.126197 1040.000000
118.126197 0.000000
118.613276 1040.000000
118.613276 0.000000
118.708856 1040.000000
118.708856 0.000000
118.712009 1040.000000
118.712009 0.000000
118.712009 1040.000000
118.713673 0.000000
118.750725 1040.000000
118.750725 0.000000
119.258894 1040.000000
119.258894 0.000000
119.341889 1040.000000
119.341889 0.000000
119.366426 1040.000000
119.366426 0.000000
119.390363 1040.000000
119.390363 0.000000
119.898382 1040.000000
119.898382 0.000000
119.898382 1040.000000
119.900046 0.000000
119.982683 1040.000000
119.982683 0.000000
120.000000 40.000000
120.000000 0.000000
120.009645 1040.000000
120.009645 0.000000
120.034142 1040.000000
120.034142 0.000000
120.570542 1040.000000
120.570542 0.000000
120.570542 1040.000000
120.572206 0.000000
120.623876 1040.000000
120.623876 0.000000
120.710080 1040.000000
120.710080 0.000000
120.710080 1040.000000
120.711744 0.000000
121.228700 1040.000000
121.228700 0.000000
121.366542 1040.000000
121.366542 0.000000
121.381936 1040.000000
121.381936 0.000000
121.976967 1040.000000
121.976967 0.000000
121.976967 1040.000000
121.978631 0.000000
121.978700 1040.000000
121.980295 0.000000
122.004174 1040.000000
122.004174 0.000000
122.638332 1040.000000
122.638332 0.000000
123.252160 1040.000000
123.252160 0.000000
123.398332 1040.000000
123.398332 0.000000
123.478700 1040.000000
123.478700 0.000000
123.879590 1040.000000
123.879590 0.000000
124.025332 1040.000000
124.025332 0.000000
124.084576 1040.000000
124.084576 0.000000
124.084576 1040.000000
124.086240 0.000000
124.502582 1040.000000
124.502582 0.000000
124.502582 1040.000000
124.504246 0.000000
124.721549 1040.000000
124.721549 0.000000
124.723853 1040.000000
124.723853 0.000000
125.132884 1040.000000
125.132884 0.000000
125.132884 1040.000000
125.134548 0.000000
125.368764 1040.000000
125.368764 0.000000
125.781274 1040.000000
125.781274 0.000000
125.793642 1040.000000
125.793642 0.000000
125.793642 1040.000000
125.795306 0.000000
125.991648 1040.000000
125.991648 0.000000
126.427402 1040.000000
126.427402 0.000000
126.429407 1040.000000
126.429407 0.000000
126.441575 1040.000000
126.441575 0.000000
126.635451 1040.000000
126.635451 0.000000
126.635451 1040.000000
126.637115 0.000000
127.067397 1040.000000
127.067397 0.000000
127.081569 1040.000000
127.081569 0.000000
127.093538 1040.000000
127.093538 0.000000
127.265261 1040.000000
127.265261 0.000000
127.298324 1040.000000
127.298324 0.000000
127.298324 1040.000000
127.299988 0.000000
127.683298 1040.000000
127.683298 0.000000
127.695527 1040.000000
127.695527 0.000000
127.723853 1040.000000
127.723853 0.000000
127.918568 1040.000000
127.918568 0.000000
127.950325 1040.000000
127.950325 0.000000
128.280725 1040.000000
128.280725 0.000000
128.315832 1040.000000
128.315832 0.000000
128.315832 1040.000000
128.317496 0.000000
128.902401 1040.000000
128.902401 0.000000
128.902401 1040.000000
128.904065 0.000000
128.914730 1040.000000
128.914730 0.000000
128.926678 1040.000000
128.926678 0.000000
129.551850 1040.000000
129.551850 0.000000
129.551850 1040.000000
129.551850 2080.000000
129.553514 1040.000000
129.555178 0.000000
129.583667 1040.000000
129.583667 0.000000
129.583667 1040.000000
129.585331 0.000000
129.595815 1040.000000
129.595815 0.000000
130.196726 1040.000000
130.196726 0.000000
130.208875 1040.000000
130.208875 0.000000
130.210919 1040.000000
130.210919 0.000000
130.222907 1040.000000
130.222907 0.000000
130.224992 1040.000000
130.224992 0.000000
130.224992 1040.000000
130.226656 0.000000
130.799603 1040.000000
130.799603 0.000000
130.799603 1040.000000
130.801267 0.000000
130.833844 1040.000000
130.833844 0.000000
130.846053 1040.000000
130.846053 0.000000
130.857941 1040.000000
130.857941 0.000000
130.869930 1040.000000
130.869930 0.000000
130.896111 1040.000000
130.896111 0.000000
131.464928 1040.000000
131.464928 0.000000
131.481025 1040.000000
131.481025 0.000000
131.529965 1040.000000
131.529965 0.000000
131.529965 1040.000000
131.531629 0.000000
131.587941 1040.000000
131.587941 0.000000
132.134703 1040.000000
132.134703 0.000000
132.148576 1040.000000
132.148576 0.000000
132.221707 1040.000000
132.221707 0.000000
132.221707 1040.000000
132.223371 0.000000
132.774245 1040.000000
132.774245 0.000000
132.774245 1040.000000
132.775909 0.000000
132.788678 1040.000000
132.788678 0.000000
132.878712 1040.000000
132.878712 0.000000
132.878712 1040.000000
132.880376 0.000000
133.420063 1040.000000
133.420063 0.000000
133.452460 1040.000000
133.452460 0.000000
133.493214 1040.000000
133.493214 0.000000
133.505182 1040.000000
133.505182 0.000000
133.505182 1040.000000
133.506846 0.000000
134.092020 1040.000000
134.092020 0.000000
134.094024 1040.000000
134.094024 0.000000
134.140034 1040.000000
134.140034 0.000000
134.144322 1040.000000
134.144322 0.000000
134.742807 1040.000000
134.742807 0.000000
134.742807 1040.000000
134.744471 0.000000
134.791561 1040.000000
134.791561 0.000000
134.864322 1040.000000
134.864322 0.000000
135.367392 1040.000000
135.367392 0.000000
135.379461 1040.000000
135.379461 0.000000
135.439285 1040.000000
135.439285 0.000000
135.489937 1040.000000
135.489937 0.000000
135.489937 1040.000000
135.491601 0.000000
135.998176 1040.000000
135.998176 0.000000
135.998176 1040.000000
135.999840 0.000000
136.022233 1040.000000
136.022233 0.000000
136.071226 1040.000000
136.071226 0.000000
136.141953 1040.000000
136.141953 0.000000
136.635616 1040.000000
136.635616 0.000000
136.659813 1040.000000
136.659813 0.000000
136.706529 1040.000000
136.706529 0.000000
136.789844 1040.000000
136.789844 0.000000
136.789844 1040.000000
136.791508 0.000000
137.254549 1040.000000
137.254549 0.000000
137.276302 1040.000000
137.276302 0.000000
137.363912 1040.000000
137.363912 0.000000
137.404406 1040.000000
137.404406 0.000000
137.416474 1040.000000
137.416474 0.000000
137.416474 1040.000000
137.418138 0.000000
137.906198 1040.000000
137.906198 0.000000
137.906198 1040.000000
137.907862 0.000000
137.980255 1040.000000
137.980255 0.000000
138.040240 1040.000000
138.040240 0.000000
138.052328 1040.000000
138.052328 0.000000
138.064297 1040.000000
138.064297 0.000000
138.516890 1040.000000
138.516890 0.000000
138.531062 1040.000000
138.531062 0.000000
138.601891 1040.000000
138.601891 0.000000
138.601891 1040.000000
138.603555 0.000000
138.666822 1040.000000
138.666822 0.000000
138.679110 1040.000000
138.679110 0.000000
138.715076 1040.000000
138.715076 0.000000
139.138901 1040.000000
139.138901 0.000000
139.138901 1040.000000
139.140565 0.000000
139.141326 1040.000000
139.142229 0.000000
139.214417 1040.000000
139.214417 0.000000
139.236629 1040.000000
139.236629 0.000000
139.236629 1040.000000
139.238293 0.000000
139.306576 1040.000000
139.306576 0.000000
139.308740 1040.000000
139.308740 0.000000
139.785184 1040.000000
139.785184 0.000000
139.833898 1040.000000
139.833898 0.000000
139.882732 1040.000000
139.882732 0.000000
139.938746 1040.000000
139.938746 0.000000
140.495184 1040.000000
140.495184 0.000000
140.570742 1040.000000
140.570742 0.000000
140.570742 1040.000000
140.572406 0.000000
141.096130 1040.000000
141.096130 0.000000
141.096130 1040.000000
141.097794 0.000000
141.161769 1040.000000
141.161769 0.000000
141.161769 1040.000000
141.161769 2080.000000
141.163433 1040.000000
141.165097 0.000000
141.175801 1040.000000
141.175801 0.000000
141.734382 1040.000000
141.734382 0.000000
141.795970 1040.000000
141.795970 0.000000
141.810263 1040.000000
141.810263 0.000000
142.347935 1040.000000
142.347935 0.000000
142.418541 1040.000000
142.418541 0.000000
142.434100 1040.000000
142.434100 0.000000
142.500263 1040.000000
142.500263 0.000000
142.964745 1040.000000
142.964745 0.000000
143.112311 1040.000000
143.112311 0.000000
143.112311 1040.000000
143.113975 0.000000
143.154382 1040.000000
143.154382 0.000000
143.784659 1040.000000
143.784659 0.000000
143.784659 1040.000000
143.786323 0.000000
144.442564 1040.000000
144.442564 0.000000
144.492311 1040.000000
144.492311 0.000000
145.073554 1040.000000
145.073554 0.000000
145.157808 1040.000000
145.157808 0.000000
145.157808 1040.000000
145.159472 0.000000
145.172564 1040.000000
145.172564 0.000000
145.725315 1040.000000
145.725315 0.000000
145.803141 1040.000000
145.803141 0.000000
145.817134 1040.000000
145.817134 0.000000
145.817134 1040.000000
145.818798 0.000000
146.344724 1040.000000
146.344724 0.000000
146.441212 1040.000000
146.441212 0.000000
146.503141 1040.000000
146.503141 0.000000
146.956366 1040.000000
146.956366 0.000000
147.058062 1040.000000
147.058062 0.000000
147.106436 1040.000000
147.106436 0.000000
147.106436 1040.000000
147.108100 0.000000
147.166791 1040.000000
147.166791 0.000000
147.689709 1040.000000
147.689709 0.000000
147.752074 1040.000000
147.752074 0.000000
147.800068 1040.000000
147.800068 0.000000
147.800068 1040.000000
147.801732 0.000000
148.327401 1040.000000
148.327401 0.000000
148.327401 1040.000000
148.329065 0.000000
148.364466 1040.000000
148.364466 0.000000
148.415065 1040.000000
148.415065 0.000000
148.437257 1040.000000
148.437257 0.000000
148.943121 1040.000000
148.943121 0.000000
148.955309 1040.000000
148.955309 0.000000
148.955309 1040.000000
148.956973 0.000000
148.991995 1040.000000
148.991995 0.000000
149.026036 1040.000000
149.026036 0.000000
149.026036 1040.000000
149.027700 0.000000
149.074670 1040.000000
149.074670 0.000000
149.568060 1040.000000
149.568060 0.000000
149.579988 1040.000000
149.579988 0.000000
149.592377 1040.000000
149.592377 0.000000
149.626638 1040.000000
149.626638 0.000000
149.626638 1040.000000
149.628302 0.000000
149.725810 1040.000000
149.725810 0.000000
149.764670 1040.000000
149.764670 0.000000
150.208758 1040.000000
150.208758 0.000000
150.221087 1040.000000
150.221087 0.000000
150.233075 1040.000000
150.233075 0.000000
150.255708 1040.000000
150.255708 0.000000
150.269781 1040.000000
150.269781 0.000000
150.269781 1040.000000
150.271445 0.000000
150.332835 1040.000000
150.332835 0.000000
150.355108 1040.000000
150.355108 0.000000
150.867229 1040.000000
150.867229 0.000000
150.889222 1040.000000
150.889222 0.000000
150.891206 1040.000000
150.891206 0.000000
150.915423 1040.000000
150.915423 0.000000
150.919811 1040.000000
150.919811 0.000000
150.956097 1040.000000
150.956097 0.000000
150.956097 1040.000000
150.957761 0.000000
150.992082 1040.000000
150.992082 0.000000
151.481690 1040.000000
151.481690 0.000000
151.510003 1040.000000
151.510003 0.000000
151.524296 1040.000000
151.524296 0.000000
152.169131 1040.000000
152.169131 0.000000
152.169131 1040.000000
152.170795 0.000000
152.296591 1040.000000
152.296591 0.000000
152.790985 1040.000000
152.790985 0.000000
152.790985 1040.000000
152.790985 2080.000000
152.792649 1040.000000
152.794313 0.000000
152.802993 1040.000000
152.802993 0.000000
152.915094 1040.000000
152.915094 0.000000
152.915094 1040.000000
152.916758 0.000000
153.420908 1040.000000
153.420908 0.000000
153.447069 1040.000000
153.447069 0.000000
153.459097 1040.000000
153.459097 0.000000
153.459097 1040.000000
153.460761 0.000000
153.547347 1040.000000
153.547347 0.000000
154.037033 1040.000000
154.037033 0.000000
154.039037 1040.000000
154.039037 0.000000
154.078851 1040.000000
154.078851 0.000000
154.093064 1040.000000
154.093064 0.000000
154.093064 1040.000000
154.094728 0.000000
154.203374 1040.000000
154.203374 0.000000
154.645969 1040.000000
154.645969 0.000000
154.690480 1040.000000
154.690480 0.000000
154.744569 1040.000000
154.744569 0.000000
154.829929 1040.000000
154.829929 0.000000
154.927347 1040.000000
154.927347 0.000000
155.299910 1040.000000
155.299910 0.000000
155.358748 1040.000000
155.358748 0.000000
155.553810 1040.000000
155.553810 0.000000
155.553810 1040.000000
155.555474 0.000000
155.980176 1040.000000
155.980176 0.000000
155.980176 1040.000000
155.981840 0.000000
156.180254 1040.000000
156.180254 0.000000
156.194567 1040.000000
156.194567 0.000000
156.630628 1040.000000
156.630628 0.000000
156.630628 1040.000000
156.632292 0.000000
156.814322 1040.000000
156.814322 0.000000
156.814322 1040.000000
156.815986 0.000000
156.831985 1040.000000
156.831985 0.000000
157.268651 1040.000000
157.268651 0.000000
157.282663 1040.000000
157.282663 0.000000
157.282663 1040.000000
157.284327 0.000000
157.413369 1040.000000
157.413369 0.000000
157.435601 1040.000000
157.435601 0.000000
157.435601 1040.000000
157.437265 0.000000
157.459578 1040.000000
157.459578 0.000000
157.918387 1040.000000
157.918387 0.000000
157.944330 1040.000000
157.944330 0.000000
158.043403 1040.000000
158.043403 0.000000
158.055431 1040.000000
158.055431 0.000000
158.069618 1040.000000
158.069618 0.000000
158.101875 1040.000000
158.101875 0.000000
158.101875 1040.000000
158.103539 0.000000
158.593819 1040.000000
158.593819 0.000000
158.644330 1040.000000
158.644330 0.000000
158.699651 1040.000000
158.699651 0.000000
158.704180 1040.000000
158.704180 0.000000
158.728277 1040.000000
158.728277 0.000000
158.730601 1040.000000
158.730601 0.000000
158.789419 1040.000000
158.789419 0.000000
158.789419 1040.000000
158.791083 0.000000
159.194708 1040.000000
159.194708 0.000000
159.223473 1040.000000
159.223473 0.000000
159.329865 1040.000000
159.329865 0.000000
159.353902 1040.000000
159.353902 0.000000
159.366071 1040.000000
159.366071 0.000000
159.368075 1040.000000
159.368075 0.000000
159.415891 1040.000000
159.415891 0.000000
159.443558 1040.000000
159.443558 0.000000
159.443558 1040.000000
159.445222 0.000000
159.875794 1040.000000
159.875794 0.000000
159.983451 1040.000000
159.983451 0.000000
160.006950 1040.000000
160.006950 0.000000
160.019138 1040.000000
160.019138 0.000000
160.021142 1040.000000
160.021142 0.000000
160.035515 1040.000000
160.035515 0.000000
160.072221 1040.000000
160.072221 0.000000
160.094573 1040.000000
160.094573 0.000000
160.503314 1040.000000
160.503314 0.000000
160.611074 1040.000000
160.611074 0.000000
160.611074 1040.000000
160.612738 0.000000
160.623473 1040.000000
160.623473 0.000000
160.627432 1040.000000
160.627432 0.000000
160.651369 1040.000000
160.651369 0.000000
160.705198 1040.000000
160.705198 0.000000
160.719351 1040.000000
160.719351 0.000000
160.721675 1040.000000
160.721675 0.000000
160.733804 1040.000000
160.733804 0.000000
161.236201 1040.000000
161.236201 0.000000
161.248529 1040.000000
161.248529 0.000000
161.248529 1040.000000
161.250193 0.000000
161.260718 1040.000000
161.260718 0.000000
161.260718 1040.000000
161.262382 0.000000
161.305043 1040.000000
161.305043 0.000000
161.352103 1040.000000
161.352103 0.000000
161.355393 1040.000000
161.355393 0.000000
161.900628 1040.000000
161.900628 0.000000
161.984908 1040.000000
161.984908 0.000000
161.984908 1040.000000
161.986572 0.000000
162.475044 1040.000000
162.475044 0.000000
162.558379 1040.000000
162.558379 0.000000
162.558379 1040.000000
162.560043 0.000000
162.570927 1040.000000
162.570927 0.000000
162.570927 1040.000000
162.572591 0.000000
162.600628 1040.000000
162.600628 0.000000
163.115583 1040.000000
163.115583 0.000000
163.203715 1040.000000
163.203715 0.000000
163.216283 1040.000000
163.216283 0.000000
163.843286 1040.000000
163.843286 0.000000
163.857619 1040.000000
163.857619 0.000000
164.000628 1040.000000
164.000628 0.000000
164.502836 1040.000000
164.502836 0.000000
164.502836 1040.000000
164.504500 0.000000
164.626466 1040.000000
164.626466 0.000000
164.626466 1040.000000
164.628130 0.000000
165.128478 1040.000000
165.128478 0.000000
165.128478 1040.000000
165.130142 0.000000
165.160455 1040.000000
165.160455 0.000000
165.254639 1040.000000
165.254639 0.000000
165.261798 1040.000000
165.261798 0.000000
165.783755 1040.000000
165.783755 0.000000
165.869560 1040.000000
165.869560 0.000000
165.869560 1040.000000
165.871224 0.000000
165.881769 1040.000000
165.881769 0.000000
166.404102 1040.000000
166.404102 0.000000
166.479237 1040.000000
166.479237 0.000000
166.491626 1040.000000
166.491626 0.000000
166.491626 1040.000000
166.493290 0.000000
166.499722 1040.000000
166.499722 0.000000
166.513859 1040.000000
166.513859 0.000000
167.101430 1040.000000
167.101430 0.000000
167.125787 1040.000000
167.125787 0.000000
167.128152 1040.000000
167.128152 0.000000
167.162013 1040.000000
167.162013 0.000000
167.162013 1040.000000
167.163677 0.000000
167.742778 1040.000000
167.742778 0.000000
167.755006 1040.000000
167.755006 0.000000
167.767415 1040.000000
167.767415 0.000000
167.791652 1040.000000
167.791652 0.000000
167.803760 1040.000000
167.803760 0.000000
167.803760 1040.000000
167.805424 0.000000
167.959722 1040.000000
167.959722 0.000000
168.381897 1040.000000
168.381897 0.000000
168.393826 1040.000000
168.393826 0.000000
168.405794 1040.000000
168.405794 0.000000
168.418263 1040.000000
168.418263 0.000000
168.430611 1040.000000
168.430611 0.000000
168.452724 1040.000000
168.452724 0.000000
168.452724 1040.000000
168.454388 0.000000
169.005859 1040.000000
169.005859 0.000000
169.020091 1040.000000
169.020091 0.000000
169.032060 1040.000000
169.032060 0.000000
169.044388 1040.000000
169.044388 0.000000
169.086150 1040.000000
169.086150 0.000000
169.089500 1040.000000
169.089500 0.000000
169.091744 1040.000000
169.091744 0.000000
169.609111 1040.000000
169.609111 0.000000
169.609111 1040.000000
169.610775 0.000000
169.652771 1040.000000
169.652771 0.000000
169.674944 1040.000000
169.674944 0.000000
169.677228 1040.000000
169.677228 0.000000
169.711009 1040.000000
169.711009 0.000000
169.713194 1040.000000
169.713194 0.000000
169.725542 1040.000000
169.725542 0.000000
170.256000 1040.000000
170.256000 0.000000
170.258084 1040.000000
170.258084 0.000000
170.258084 1040.000000
170.259748 0.000000
170.304214 1040.000000
170.304214 0.000000
170.361674 1040.000000
170.361674 0.000000
170.363838 1040.000000
170.363838 0.000000
170.879722 1040.000000
170.879722 0.000000
170.995543 1040.000000
170.995543 0.000000
170.995543 1040.000000
170.997207 0.000000
171.507264 1040.000000
171.507264 0.000000
171.507264 1040.000000
171.508928 0.000000
171.575495 1040.000000
171.575495 0.000000
171.575495 1040.000000
171.577159 0.000000
171.587663 1040.000000
171.587663 0.000000
171.587663 1040.000000
171.589327 0.000000
172.135520 1040.000000
172.135520 0.000000
172.149913 1040.000000
172.149913 0.000000
172.198087 1040.000000
172.198087 0.000000
172.210015 1040.000000
172.210015 0.000000
172.234192 1040.000000
172.234192 0.000000
172.775232 1040.000000
172.775232 0.000000
172.775232 1040.000000
172.776896 0.000000
172.804644 1040.000000
172.804644 0.000000
172.849931 1040.000000
172.849931 0.000000
172.881415 1040.000000
172.881415 0.000000
172.954192 1040.000000
172.954192 0.000000
173.418320 1040.000000
173.418320 0.000000
173.430268 1040.000000
173.430268 0.000000
173.430268 1040.000000
173.431932 0.000000
173.462931 1040.000000
173.462931 0.000000
173.602238 1040.000000
173.602238 0.000000
173.602238 1040.000000
173.603902 0.000000
174.045958 1040.000000
174.045958 0.000000
174.060051 1040.000000
174.060051 0.000000
174.082164 1040.000000
174.082164 0.000000
174.106121 1040.000000
174.106121 0.000000
174.106121 1040.000000
174.107785 0.000000
174.692485 1040.000000
174.692485 0.000000
174.694549 1040.000000
174.694549 0.000000
174.708882 1040.000000
174.708882 0.000000
174.745507 1040.000000
174.745507 0.000000
175.042238 1040.000000
175.042238 0.000000
175.304512 1040.000000
175.304512 0.000000
175.326305 1040.000000
175.326305 0.000000
175.328329 1040.000000
175.328329 0.000000
175.687476 1040.000000
175.687476 0.000000
175.687476 1040.000000
175.689140 0.000000
175.974486 1040.000000
175.974486 0.000000
175.974486 1040.000000
175.976150 0.000000
176.312408 1040.000000
176.312408 0.000000
176.334960 1040.000000
176.334960 0.000000
176.587085 1040.000000
176.587085 0.000000
176.599353 1040.000000
176.599353 0.000000
176.963204 1040.000000
176.963204 0.000000
176.963204 1040.000000
176.964868 0.000000
177.014388 1040.000000
177.014388 0.000000
177.257366 1040.000000
177.257366 0.000000
177.257366 1040.000000
177.259030 0.000000
177.575610 1040.000000
177.575610 0.000000
177.587618 1040.000000
177.587618 0.000000
177.587618 1040.000000
177.589282 0.000000
177.631704 1040.000000
177.631704 0.000000
177.890271 1040.000000
177.890271 0.000000
177.892415 1040.000000
177.892415 0.000000
178.007366 1040.000000
178.007366 0.000000
178.215422 1040.000000
178.215422 0.000000
178.257702 1040.000000
178.257702 0.000000
178.636133 1040.000000
178.636133 0.000000
178.636133 1040.000000
178.637797 0.000000
178.863779 1040.000000
178.863779 0.000000
178.891904 1040.000000
178.891904 0.000000
179.287076 1040.000000
179.287076 0.000000
179.301269 1040.000000
179.301269 0.000000
179.521532 1040.000000
179.521532 0.000000
179.521532 1040.000000
179.523196 0.000000
179.884969 1040.000000
179.884969 0.000000
179.884969 1040.000000
179.886633 0.000000
179.917730 1040.000000
179.917730 0.000000
180.000000 40.000000
180.000000 0.000000
180.169985 1040.000000
180.169985 0.000000
180.169985 1040.000000
180.171649 0.000000
180.505998 1040.000000
180.505998 0.000000
180.520653 1040.000000
180.520653 0.000000
180.520653 1040.000000
180.522317 0.000000
180.557620 1040.000000
180.557620 0.000000
180.647959 1040.000000
180.647959 0.000000
180.824897 1040.000000
180.824897 0.000000
180.838970 1040.000000
180.838970 0.000000
180.838970 1040.000000
180.840634 0.000000
181.187618 1040.000000
181.187618 0.000000
181.236778 1040.000000
181.236778 0.000000
181.238843 1040.000000
181.238843 0.000000
181.243131 1040.000000
181.243131 0.000000
181.243131 1040.000000
181.244795 0.000000
181.360289 1040.000000
181.360289 0.000000
181.360289 1040.000000
181.361953 0.000000
181.572314 1040.000000
181.572314 0.000000
181.586607 1040.000000
181.586607 0.000000
181.900796 1040.000000
181.900796 0.000000
181.950696 1040.000000
181.950696 0.000000
181.972789 1040.000000
181.972789 0.000000
182.079700 1040.000000
182.079700 0.000000
182.267931 1040.000000
182.267931 0.000000
182.270116 1040.000000
182.270116 0.000000
182.436607 1040.000000
182.436607 0.000000
182.625978 1040.000000
182.625978 0.000000
182.694280 1040.000000
182.694280 0.000000
182.696385 1040.000000
182.696385 0.000000
182.781354 1040.000000
182.781354 0.000000
183.152451 1040.000000
183.152451 0.000000
183.152451 1040.000000
183.154115 0.000000
183.416797 1040.000000
183.416797 0.000000
183.416797 1040.000000
183.418461 0.000000
183.509136 1040.000000
183.509136 0.000000
183.869700 1040.000000
183.869700 0.000000
183.942803 1040.000000
183.942803 0.000000
183.970949 1040.000000
183.970949 0.000000
184.162286 1040.000000
184.162286 0.000000
184.162286 1040.000000
184.163950 0.000000
184.195049 1040.000000
184.195049 0.000000
184.648124 1040.000000
184.648124 0.000000
184.648124 1040.000000
184.649788 0.000000
184.681985 1040.000000
184.681985 0.000000
184.681985 1040.000000
184.683649 0.000000
184.962397 1040.000000
184.962397 0.000000
184.982286 1040.000000
184.982286 0.000000
185.399550 1040.000000
185.399550 0.000000
185.411639 1040.000000
185.411639 0.000000
185.435756 1040.000000
185.435756 0.000000
185.671985 1040.000000
185.671985 0.000000
185.758881 1040.000000
185.758881 0.000000
185.758881 1040.000000
185.760545 0.000000
186.184595 1040.000000
186.184595 0.000000
186.184595 1040.000000
186.186259 0.000000
186.196884 1040.000000
186.196884 0.000000
186.221220 1040.000000
186.221220 0.000000
186.408203 1040.000000
186.408203 0.000000
186.408203 1040.000000
186.409867 0.000000
186.515996 1040.000000
186.515996 0.000000
186.515996 1040.000000
186.517660 0.000000
186.560947 1040.000000
186.560947 0.000000
186.893673 1040.000000
186.893673 0.000000
186.909452 1040.000000
186.909452 0.000000
186.937459 1040.000000
186.937459 0.000000
187.105653 1040.000000
187.105653 0.000000
187.117642 1040.000000
187.117642 0.000000
187.227178 1040.000000
187.227178 0.000000
187.227178 1040.000000
187.228842 0.000000
187.249231 1040.000000
187.249231 0.000000
187.578093 1040.000000
187.578093 0.000000
187.590081 1040.000000
187.590081 0.000000
187.831035 1040.000000
187.831035 0.000000
187.831035 1040.000000
187.832699 0.000000
187.835043 1040.000000
187.835043 0.000000
187.894986 1040.000000
187.894986 0.000000
187.906994 1040.000000
187.906994 0.000000
187.906994 1040.000000
187.908658 0.000000
187.964068 1040.000000
187.964068 0.000000
188.305432 1040.000000
188.305432 0.000000
188.305432 1040.000000
188.307096 0.000000
188.493661 1040.000000
188.493661 0.000000
188.533995 1040.000000
188.533995 0.000000
188.533995 1040.000000
188.535659 0.000000
188.548228 1040.000000
188.548228 0.000000
188.618735 1040.000000
188.618735 0.000000
188.620799 1040.000000
188.620799 0.000000
188.657044 1040.000000
188.657044 0.000000
189.051365 1040.000000
189.051365 0.000000
189.196355 1040.000000
189.196355 0.000000
189.241206 1040.000000
189.241206 0.000000
189.255599 1040.000000
189.255599 0.000000
189.344229 1040.000000
189.344229 0.000000
189.390379 1040.000000
189.390379 0.000000
189.752721 1040.000000
189.752721 0.000000
189.876276 1040.000000
189.876276 0.000000
189.913668 1040.000000
189.913668 0.000000
190.155599 1040.000000
190.155599 0.000000
190.230379 1040.000000
190.230379 0.000000
190.321365 1040.000000
190.321365 0.000000
190.449843 1040.000000
190.449843 0.000000
190.899494 1040.000000
190.899494 0.000000
190.899494 1040.000000
190.901158 0.000000
190.947528 1040.000000
190.947528 0.000000
190.947528 1040.000000
190.949192 0.000000
191.034713 1040.000000
191.034713 0.000000
191.034713 1040.000000
191.036377 0.000000
191.107910 1040.000000
191.107910 0.000000
191.543831 1040.000000
191.543831 0.000000
191.543831 1040.000000
191.545495 0.000000
191.545815 1040.000000
191.547159 0.000000
191.607970 1040.000000
191.607970 0.000000
191.607970 1040.000000
191.609634 0.000000
191.664484 1040.000000
191.664484 0.000000
191.749583 1040.000000
191.749583 0.000000
192.241594 1040.000000
192.241594 0.000000
192.241594 1040.000000
192.243258 0.000000
192.301956 1040.000000
192.301956 0.000000
192.350910 1040.000000
192.350910 0.000000
192.848624 1040.000000
192.848624 0.000000
192.870617 1040.000000
192.870617 0.000000
192.870617 1040.000000
192.872281 0.000000
192.919583 1040.000000
192.919583 0.000000
192.945032 1040.000000
192.945032 0.000000
192.981018 1040.000000
192.981018 0.000000
193.071055 1040.000000
193.071055 0.000000
193.481431 1040.000000
193.481431 0.000000
193.505608 1040.000000
193.505608 0.000000
193.576415 1040.000000
193.576415 0.000000
193.576415 1040.000000
193.578079 0.000000
193.615245 1040.000000
193.615245 0.000000
193.734876 1040.000000
193.734876 0.000000
193.734876 1040.000000
193.736540 0.000000
194.138918 1040.000000
194.138918 0.000000
194.140963 1040.000000
194.140963 0.000000
194.214173 1040.000000
194.214173 0.000000
194.315608 1040.000000
194.315608 0.000000
194.361569 1040.000000
194.361569 0.000000
194.383622 1040.000000
194.383622 0.000000
194.861192 1040.000000
194.861192 0.000000
194.930821 1040.000000
194.930821 0.000000
194.930821 1040.000000
194.932485 0.000000
195.031959 1040.000000
195.031959 0.000000
195.031959 1040.000000
195.033623 0.000000
195.044327 1040.000000
195.044327 0.000000
195.354173 1040.000000
195.354173 0.000000
195.524216 1040.000000
195.524216 0.000000
195.584958 1040.000000
195.584958 0.000000
195.584958 1040.000000
195.586622 0.000000
195.628844 1040.000000
195.628844 0.000000
195.704325 1040.000000
195.704325 0.000000
195.706530 1040.000000
195.706530 0.000000
195.706530 1040.000000
195.708194 0.000000
195.708534 1040.000000
195.709858 0.000000
196.025181 1040.000000
196.025181 0.000000
196.025181 1040.000000
196.026845 0.000000
196.196686 1040.000000
196.196686 0.000000
196.298509 1040.000000
196.298509 0.000000
196.396043 1040.000000
196.396043 0.000000
196.420040 1040.000000
196.420040 0.000000
196.680791 1040.000000
196.680791 0.000000
196.829504 1040.000000
196.829504 0.000000
196.829504 1040.000000
196.831168 0.000000
197.045297 1040.000000
197.045297 0.000000
197.089802 1040.000000
197.089802 0.000000
197.114436 1040.000000
197.114436 0.000000
197.220040 1040.000000
197.220040 0.000000
197.336681 1040.000000
197.336681 0.000000
197.467711 1040.000000
197.467711 0.000000
197.491908 1040.000000
197.491908 0.000000
197.491908 1040.000000
197.493572 0.000000
197.750693 1040.000000
197.750693 0.000000
197.750693 1040.000000
197.752357 0.000000
197.911601 1040.000000
197.911601 0.000000
197.911601 1040.000000
197.913265 0.000000
198.006065 1040.000000
198.006065 0.000000
198.137640 1040.000000
198.137640 0.000000
198.149729 1040.000000
198.149729 0.000000
198.372504 1040.000000
198.372504 0.000000
198.384893 1040.000000
198.384893 0.000000
198.555451 1040.000000
198.555451 0.000000
198.555451 1040.000000
198.557115 0.000000
198.567540 1040.000000
198.567540 0.000000
198.796116 1040.000000
198.796116 0.000000
198.820293 1040.000000
198.820293 0.000000
198.994176 1040.000000
198.994176 0.000000
198.994176 1040.000000
198.995840 0.000000
199.008229 1040.000000
199.008229 0.000000
199.119729 1040.000000
199.119729 0.000000
199.243980 1040.000000
199.243980 0.000000
199.643843 1040.000000
199.643843 0.000000
199.669606 1040.000000
199.669606 0.000000
199.669606 1040.000000
199.671270 0.000000
199.681735 1040.000000
199.681735 0.000000
199.791397 1040.000000
199.791397 0.000000
199.791397 1040.000000
199.793061 0.000000
200.155451 1040.000000
200.155451 0.000000
200.323204 1040.000000
200.323204 0.000000
200.337377 1040.000000
200.337377 0.000000
200.359370 1040.000000
200.359370 0.000000
200.459886 1040.000000
200.459886 0.000000
200.459886 1040.000000
200.461550 0.000000
200.797419 1040.000000
200.797419 0.000000
200.797419 1040.000000
200.799083 0.000000
200.931779 1040.000000
200.931779 0.000000
200.955735 1040.000000
200.955735 0.000000
200.967864 1040.000000
200.967864 0.000000
201.090049 1040.000000
201.090049 0.000000
201.408428 1040.000000
201.408428 0.000000
201.408428 1040.000000
201.410092 0.000000
201.462097 1040.000000
201.462097 0.000000
201.593394 1040.000000
201.593394 0.000000
201.593394 1040.000000
201.595058 0.000000
201.750332 1040.000000
201.750332 0.000000
202.040049 1040.000000
202.040049 0.000000
202.104855 1040.000000
202.104855 0.000000
202.211647 1040.000000
202.211647 0.000000
202.213712 1040.000000
202.213712 0.000000
202.385222 1040.000000
202.385222 0.000000
202.686208 1040.000000
202.686208 0.000000
202.686208 1040.000000
202.687872 0.000000
202.736866 1040.000000
202.736866 0.000000
202.844533 1040.000000
202.844533 0.000000
202.856507 1040.000000
202.856507 0.000000
202.856507 1040.000000
202.858171 0.000000
203.039003 1040.000000
203.039003 0.000000
203.331433 1040.000000
203.331433 0.000000
203.453018 1040.000000
203.453018 0.000000
203.453018 1040.000000
203.454682 0.000000
203.509372 1040.000000
203.509372 0.000000
203.584334 1040.000000
203.584334 0.000000
203.626507 1040.000000
203.626507 0.000000
203.683426 1040.000000
203.683426 0.000000
203.683426 1040.000000
203.685090 0.000000
203.979208 1040.000000
203.979208 0.000000
204.088504 1040.000000
204.088504 0.000000
204.316823 1040.000000
204.316823 0.000000
204.320832 1040.000000
204.320832 0.000000
204.320832 1040.000000
204.322496 0.000000
204.612396 1040.000000
204.612396 0.000000
204.888504 1040.000000
204.888504 0.000000
204.947160 1040.000000
204.947160 0.000000
204.969252 1040.000000
204.969252 0.000000
205.166507 1040.000000
205.166507 0.000000
205.213426 1040.000000
205.213426 0.000000
205.603840 1040.000000
205.603840 0.000000
205.617953 1040.000000
205.617953 0.000000
205.778206 1040.000000
205.778206 0.000000
205.778206 1040.000000
205.779870 0.000000
206.359342 1040.000000
206.359342 0.000000
206.359342 1040.000000
206.361006 0.000000
206.393443 1040.000000
206.393443 0.000000
206.421829 1040.000000
206.421829 0.000000
206.488504 1040.000000
206.488504 0.000000
206.967474 1040.000000
206.967474 0.000000
206.979862 1040.000000
206.979862 0.000000
207.028136 1040.000000
207.028136 0.000000
207.028136 1040.000000
207.029800 0.000000
207.109454 1040.000000
207.109454 0.000000
207.109454 1040.000000
207.111118 0.000000
207.599688 1040.000000
207.599688 0.000000
207.599688 1040.000000
207.601352 0.000000
207.611816 1040.000000
207.611816 0.000000
207.712642 1040.000000
207.712642 0.000000
207.753288 1040.000000
207.753288 0.000000
207.768136 1040.000000
207.768136 0.000000
207.777505 1040.000000
207.777505 0.000000
208.227611 1040.000000
208.227611 0.000000
208.251728 1040.000000
208.251728 0.000000
208.251728 1040.000000
208.253392 0.000000
208.273801 1040.000000
208.273801 0.000000
208.375683 1040.000000
208.375683 0.000000
208.375683 1040.000000
208.377347 0.000000
208.387512 1040.000000
208.387512 0.000000
208.387512 1040.000000
208.389176 0.000000
208.399940 1040.000000
208.399940 0.000000
208.824369 1040.000000
208.824369 0.000000
208.826373 1040.000000
208.826373 0.000000
208.838262 1040.000000
208.838262 0.000000
208.840686 1040.000000
208.840686 0.000000
208.840686 1040.000000
208.842350 0.000000
209.006223 1040.000000
209.006223 0.000000
209.028156 1040.000000
209.028156 0.000000
209.042008 1040.000000
209.042008 0.000000
209.053917 1040.000000
209.053917 0.000000
209.053917 1040.000000
209.055581 0.000000
209.065785 1040.000000
209.065785 0.000000
209.441717 1040.000000
209.441717 0.000000
209.454445 1040.000000
209.454445 0.000000
209.466894 1040.000000
209.466894 0.000000
209.488907 1040.000000
209.488907 0.000000
209.610910 1040.000000
209.610910 0.000000
209.610910 1040.000000
209.612574 0.000000
209.627107 1040.000000
209.627107 0.000000
209.661208 1040.000000
209.661208 0.000000
209.683281 1040.000000
209.683281 0.000000
209.685505 1040.000000
209.685505 0.000000
209.701104 1040.000000
209.701104 0.000000
209.701104 1040.000000
209.702768 0.000000
210.068786 1040.000000
210.068786 0.000000
210.091179 1040.000000
210.091179 0.000000
210.113172 1040.000000
210.113172 0.000000
210.258574 1040.000000
210.258574 0.000000
210.260658 1040.000000
210.260658 0.000000
210.272886 1040.000000
210.272886 0.000000
210.272886 1040.000000
210.274550 0.000000
210.287059 1040.000000
210.287059 0.000000
210.319216 1040.000000
210.319216 0.000000
210.333489 1040.000000
210.333489 0.000000
210.345577 1040.000000
210.345577 0.000000
210.739025 1040.000000
210.739025 0.000000
210.739025 1040.000000
210.740689 0.000000
210.882447 1040.000000
210.882447 0.000000
210.888720 1040.000000
210.888720 0.000000
210.900988 1040.000000
210.900988 0.000000
210.935089 1040.000000
210.935089 0.000000
210.969310 1040.000000
210.969310 0.000000
210.974153 1040.000000
210.974153 0.000000
211.363895 1040.000000
211.363895 0.000000
211.376103 1040.000000
211.376103 0.000000
211.484760 1040.000000
211.484760 0.000000
211.533834 1040.000000
211.533834 0.000000
211.646316 1040.000000
211.646316 0.000000
211.646316 1040.000000
211.647980 0.000000
211.988964 1040.000000
211.988964 0.000000
211.988964 1040.000000
211.990628 0.000000
212.001013 1040.000000
212.001013 0.000000
212.161149 1040.000000
212.161149 0.000000
212.161149 1040.000000
212.162813 0.000000
212.256153 1040.000000
212.256153 0.000000
212.258197 1040.000000
212.258197 0.000000
212.626552 1040.000000
212.626552 0.000000
212.648765 1040.000000
212.648765 0.000000
212.819762 1040.000000
212.819762 0.000000
212.865532 1040.000000
212.865532 0.000000
212.879784 1040.000000
212.879784 0.000000
212.879784 1040.000000
212.881448 0.000000
212.894157 1040.000000
212.894157 0.000000
213.275542 1040.000000
213.275542 0.000000
213.277586 1040.000000
213.277586 0.000000
213.435943 1040.000000
213.435943 0.000000
213.435943 1040.000000
213.437607 0.000000
213.518418 1040.000000
213.518418 0.000000
213.532771 1040.000000
213.532771 0.000000
213.943101 1040.000000
213.943101 0.000000
213.943101 1040.000000
213.944765 0.000000
214.045157 1040.000000
214.045157 0.000000
214.069754 1040.000000
214.069754 0.000000
214.142065 1040.000000
214.142065 0.000000
214.165943 1040.000000
214.165943 0.000000
214.188213 1040.000000
214.188213 0.000000
214.585506 1040.000000
214.585506 0.000000
214.636765 1040.000000
214.636765 0.000000
214.800668 1040.000000
214.800668 0.000000
214.800668 1040.000000
214.802332 0.000000
214.812597 1040.000000
214.812597 0.000000
214.812597 1040.000000
214.814261 0.000000
215.201028 1040.000000
215.201028 0.000000
215.201028 1040.000000
215.202692 0.000000
215.247878 1040.000000
215.247878 0.000000
215.405488 1040.000000
215.405488 0.000000
215.427441 1040.000000
215.427441 0.000000
215.429606 1040.000000
215.429606 0.000000
215.443758 1040.000000
215.443758 0.000000
215.844748 1040.000000
215.844748 0.000000
215.861145 1040.000000
215.861145 0.000000
216.031804 1040.000000
216.031804 0.000000
216.031804 1040.000000
216.033468 0.000000
216.053937 1040.000000
216.053937 0.000000
216.075630 1040.000000
216.075630 0.000000
216.075630 1040.000000
216.077294 0.000000
216.499846 1040.000000
216.499846 0.000000
216.584748 1040.000000
216.584748 0.000000
216.674449 1040.000000
216.674449 0.000000
216.696682 1040.000000
216.696682 0.000000
216.708670 1040.000000
216.708670 0.000000
216.721079 1040.000000
216.721079 0.000000
216.815630 1040.000000
216.815630 0.000000
217.243321 1040.000000
217.243321 0.000000
217.243321 1040.000000
217.244985 0.000000
217.275796 1040.000000
217.275796 0.000000
217.297688 1040.000000
217.297688 0.000000
217.464163 1040.000000
217.464163 0.000000
217.464163 1040.000000
217.465827 0.000000
217.865353 1040.000000
217.865353 0.000000
217.865353 1040.000000
217.867017 0.000000
217.867497 1040.000000
217.868681 0.000000
217.947428 1040.000000
217.947428 0.000000
217.947428 1040.000000
217.949092 0.000000
218.155817 1040.000000
218.155817 0.000000
218.170190 1040.000000
218.170190 0.000000
218.487799 1040.000000
218.487799 0.000000
218.487799 1040.000000
218.489463 0.000000
218.525436 1040.000000
218.525436 0.000000
218.594099 1040.000000
218.594099 0.000000
218.618862 1040.000000
218.618862 0.000000
218.749950 1040.000000
218.749950 0.000000
218.749950 1040.000000
218.751614 0.000000
218.793776 1040.000000
218.793776 0.000000
219.101697 1040.000000
219.101697 0.000000
219.125794 1040.000000
219.125794 0.000000
219.125794 1040.000000
219.127458 0.000000
219.148752 1040.000000
219.148752 0.000000
219.233778 1040.000000
219.233778 0.000000
219.233778 1040.000000
219.235442 0.000000
219.241117 1040.000000
219.241117 0.000000
219.408293 1040.000000
219.408293 0.000000
219.410538 1040.000000
219.410538 0.000000
219.410538 1040.000000
219.412202 0.000000
219.753146 1040.000000
219.753146 0.000000
219.789272 1040.000000
219.789272 0.000000
219.803945 1040.000000
219.803945 0.000000
219.816233 1040.000000
219.816233 0.000000
219.816233 1040.000000
219.817897 0.000000
219.941117 1040.000000
219.941117 0.000000
220.095510 1040.000000
220.095510 0.000000
220.190538 1040.000000
220.190538 0.000000
220.409978 1040.000000
220.409978 0.000000
220.472624 1040.000000
220.472624 0.000000
220.474649 1040.000000
220.474649 0.000000
220.486857 1040.000000
220.486857 0.000000
220.605258 1040.000000
220.605258 0.000000
220.605258 1040.000000
220.606922 0.000000
220.773452 1040.000000
220.773452 0.000000
221.053615 1040.000000
221.053615 0.000000
221.158923 1040.000000
221.158923 0.000000
221.171152 1040.000000
221.171152 0.000000
221.750538 1040.000000
221.750538 0.000000
221.850933 1040.000000
221.850933 0.000000
221.850933 1040.000000
221.852597 0.000000
222.005258 1040.000000
222.005258 0.000000
222.494555 1040.000000
222.494555 0.000000
222.494555 1040.000000
222.496219 0.000000
222.590933 1040.000000
222.590933 0.000000
222.616256 1040.000000
222.616256 0.000000
222.616256 1040.000000
222.617920 0.000000
222.628265 1040.000000
222.628265 0.000000
222.806297 1040.000000
222.806297 0.000000
222.806297 1040.000000
222.807961 0.000000
223.272081 1040.000000
223.272081 0.000000
223.272081 1040.000000
223.273745 0.000000
223.286273 1040.000000
223.286273 0.000000
223.402331 1040.000000
223.402331 0.000000
223.418530 1040.000000
223.418530 0.000000
224.078987 1040.000000
224.078987 0.000000
224.108265 1040.000000
224.108265 0.000000
224.828883 1040.000000
224.828883 0.000000
224.828883 1040.000000
224.830547 0.000000
225.576946 1040.000000
225.576946 0.000000
225.589135 1040.000000
225.589135 0.000000
225.606297 1040.000000
225.606297 0.000000
226.319872 1040.000000
226.319872 0.000000
226.319872 1040.000000
226.321536 0.000000
226.352149 1040.000000
226.352149 0.000000
226.366402 1040.000000
226.366402 0.000000
226.366402 1040.000000
226.368066 0.000000
226.392081 1040.000000
226.392081 0.000000
227.067929 1040.000000
227.067929 0.000000
227.080077 1040.000000
227.080077 0.000000
227.123544 1040.000000
227.123544 0.000000
227.852326 1040.000000
227.852326 0.000000
227.865015 1040.000000
227.865015 0.000000
228.017929 1040.000000
228.017929 0.000000
228.612053 1040.000000
228.612053 0.000000
229.917929 1040.000000
229.917929 0.000000
230.672984 1040.000000
230.672984 0.000000
230.672984 1040.000000
230.674648 0.000000
231.389423 1040.000000
231.389423 0.000000
231.389423 1040.000000
231.391087 0.000000
231.401311 1040.000000
231.401311 0.000000
232.063458 1040.000000
232.063458 0.000000
232.063458 1040.000000
232.065122 0.000000
232.075686 1040.000000
232.075686 0.000000
232.632081 1040.000000
232.632081 0.000000
232.663142 1040.000000
232.663142 0.000000
232.675491 1040.000000
232.675491 0.000000
232.675491 1040.000000
232.677155 0.000000
232.687819 1040.000000
232.687819 0.000000
232.723544 1040.000000
232.723544 0.000000
233.251588 1040.000000
233.251588 0.000000
233.251588 1040.000000
233.253252 0.000000
233.305320 1040.000000
233.305320 0.000000
233.317709 1040.000000
233.317709 0.000000
233.329917 1040.000000
233.329917 0.000000
233.386431 1040.000000
233.386431 0.000000
233.386431 1040.000000
233.388095 0.000000
233.871561 1040.000000
233.871561 0.000000
233.885634 1040.000000
233.885634 0.000000
233.915983 1040.000000
233.915983 0.000000
233.948000 1040.000000
233.948000 0.000000
234.000703 1040.000000
234.000703 0.000000
234.022536 1040.000000
234.022536 0.000000
234.501877 1040.000000
234.501877 0.000000
234.501877 1040.000000
234.503541 0.000000
234.597867 1040.000000
234.597867 0.000000
234.597867 1040.000000
234.599531 0.000000
234.648625 1040.000000
234.648625 0.000000
234.648625 1040.000000
234.650289 0.000000
234.650870 1040.000000
234.651953 0.000000
235.141255 1040.000000
235.141255 0.000000
235.201538 1040.000000
235.201538 0.000000
235.224011 1040.000000
235.224011 0.000000
235.286417 1040.000000
235.286417 0.000000
235.800094 1040.000000
235.800094 0.000000
235.812003 1040.000000
235.812003 0.000000
235.812003 1040.000000
235.813667 0.000000
235.823931 1040.000000
235.823931 0.000000
235.913341 1040.000000
235.913341 0.000000
236.061877 1040.000000
236.061877 0.000000
236.451450 1040.000000
236.451450 0.000000
236.501915 1040.000000
236.501915 0.000000
236.501915 1040.000000
236.503579 0.000000
236.504019 1040.000000
236.505243 0.000000
236.585136 1040.000000
236.585136 0.000000
236.646417 1040.000000
236.646417 0.000000
236.674024 1040.000000
236.674024 0.000000
236.674024 1040.000000
236.675688 0.000000
237.097061 1040.000000
237.097061 0.000000
237.123242 1040.000000
237.123242 0.000000
237.135631 1040.000000
237.135631 0.000000
237.147679 1040.000000
237.147679 0.000000
237.147679 1040.000000
237.149343 0.000000
237.292641 1040.000000
237.292641 0.000000
237.292641 1040.000000
237.294305 0.000000
237.340277 1040.000000
237.340277 0.000000
237.340277 1040.000000
237.341941 0.000000
237.709201 1040.000000
237.709201 0.000000
237.733678 1040.000000
237.733678 0.000000
237.745946 1040.000000
237.745946 0.000000
237.758135 1040.000000
237.758135 0.000000
237.790192 1040.000000
237.790192 0.000000
237.790192 1040.000000
237.791856 0.000000
237.913521 1040.000000
237.913521 0.000000
237.913521 1040.000000
237.915185 0.000000
237.926755 1040.000000
237.926755 0.000000
237.953117 1040.000000
237.953117 0.000000
237.965205 1040.000000
237.965205 0.000000
237.965205 1040.000000
237.966869 0.000000
238.323015 1040.000000
238.323015 0.000000
238.337108 1040.000000
238.337108 0.000000
238.349177 1040.000000
238.349177 0.000000
238.381074 1040.000000
238.381074 0.000000
238.395186 1040.000000
238.395186 0.000000
238.407475 1040.000000
238.407475 0.000000
238.407475 1040.000000
238.409139 0.000000
238.531490 1040.000000
238.531490 0.000000
238.531490 1040.000000
238.533154 0.000000
238.565911 1040.000000
238.565911 0.000000
238.604701 1040.000000
238.604701 0.000000
238.961471 1040.000000
238.961471 0.000000
238.975544 1040.000000
238.975544 0.000000
238.997477 1040.000000
238.997477 0.000000
238.999461 1040.000000
238.999461 0.000000
239.033482 1040.000000
239.033482 0.000000
239.171534 1040.000000
239.171534 0.000000
239.217564 1040.000000
239.217564 0.000000
239.265400 1040.000000
239.265400 0.000000
239.295205 1040.000000
239.295205 0.000000
239.533464 1040.000000
239.533464 0.000000
239.562675 1040.000000
239.562675 0.000000
239.566724 1040.000000
239.566724 0.000000
239.733302 1040.000000
239.733302 0.000000
239.776061 1040.000000
239.776061 0.000000
239.869000 1040.000000
239.869000 0.000000
239.869000 1040.000000
239.870664 0.000000
240.223097 1040.000000
240.223097 0.000000
240.223097 1040.000000
240.224761 0.000000
240.443456 1040.000000
240.443456 0.000000
240.443456 1040.000000
240.445120 0.000000
240.457908 1040.000000
240.457908 0.000000
240.457908 1040.000000
240.459572 0.000000
240.470177 1040.000000
240.470177 0.000000
240.829503 1040.000000
240.829503 0.000000
240.829503 1040.000000
240.829503 2080.000000
240.831167 1040.000000
240.832831 0.000000
240.845680 1040.000000
240.845680 0.000000
241.076101 1040.000000
241.076101 0.000000
241.102004 1040.000000
241.102004 0.000000
241.502621 1040.000000
241.502621 0.000000
241.539492 1040.000000
241.539492 0.000000
241.541476 1040.000000
241.541476 0.000000
241.541476 1040.000000
241.543140 0.000000
241.701271 1040.000000
241.701271 0.000000
241.715244 1040.000000
241.715244 0.000000
242.034750 1040.000000
242.034750 0.000000
242.066101 1040.000000
242.066101 0.000000
242.070278 1040.000000
242.070278 0.000000
242.096479 1040.000000
242.096479 0.000000
242.108467 1040.000000
242.108467 0.000000
242.108467 1040.000000
242.110131 0.000000
242.258150 1040.000000
242.258150 0.000000
242.340575 1040.000000
242.340575 0.000000
242.679161 1040.000000
242.679161 0.000000
242.681225 1040.000000
242.681225 0.000000
242.681225 1040.000000
242.682889 0.000000
242.703218 1040.000000
242.703218 0.000000
242.739503 1040.000000
242.739503 0.000000
242.753796 1040.000000
242.753796 0.000000
242.958176 1040.000000
242.958176 0.000000
243.312613 1040.000000
243.312613 0.000000
243.324801 1040.000000
243.324801 0.000000
243.346954 1040.000000
243.346954 0.000000
243.583176 1040.000000
243.583176 0.000000
243.980938 1040.000000
243.980938 0.000000
243.980938 1040.000000
243.982602 0.000000
244.598150 1040.000000
244.598150 0.000000
244.598776 1040.000000
244.599814 0.000000
244.661225 1040.000000
244.661225 0.000000
244.690924 1040.000000
244.690924 0.000000
245.224496 1040.000000
245.224496 0.000000
245.224496 1040.000000
245.226160 0.000000
245.237811 1040.000000
245.237811 0.000000
245.237811 1040.000000
245.239475 0.000000
245.261988 1040.000000
245.261988 0.000000
245.261988 1040.000000
245.263652 0.000000
245.320906 1040.000000
245.320906 0.000000
245.849029 1040.000000
245.849029 0.000000
245.871222 1040.000000
245.871222 0.000000
245.875251 1040.000000
245.875251 0.000000
245.899408 1040.000000
245.899408 0.000000
245.899408 1040.000000
245.901072 0.000000
246.453802 1040.000000
246.453802 0.000000
246.453802 1040.000000
246.455466 0.000000
246.465790 1040.000000
246.465790 0.000000
246.488123 1040.000000
246.488123 0.000000
246.512320 1040.000000
246.512320 0.000000
246.615251 1040.000000
246.615251 0.000000
247.126429 1040.000000
247.126429 0.000000
247.150726 1040.000000
247.150726 0.000000
247.174963 1040.000000
247.174963 0.000000
247.259962 1040.000000
247.259962 0.000000
247.412320 1040.000000
247.412320 0.000000
247.415790 1040.000000
247.415790 0.000000
247.830645 1040.000000
247.830645 0.000000
247.842613 1040.000000
247.842613 0.000000
247.842613 1040.000000
247.844277 0.000000
247.889543 1040.000000
247.889543 0.000000
247.984933 1040.000000
247.984933 0.000000
248.154538 1040.000000
248.154538 0.000000
248.553789 1040.000000
248.553789 0.000000
248.553789 1040.000000
248.555453 0.000000
248.605551 1040.000000
248.605551 0.000000
248.605551 1040.000000
248.607215 0.000000
248.896282 1040.000000
248.896282 0.000000
249.212320 1040.000000
249.212320 0.000000
249.344352 1040.000000
249.344352 0.000000
249.344352 1040.000000
249.346016 0.000000
249.356380 1040.000000
249.356380 0.000000
249.370733 1040.000000
249.370733 0.000000
249.405551 1040.000000
249.405551 0.000000
249.663065 1040.000000
249.663065 0.000000
250.078462 1040.000000
250.078462 0.000000
250.090570 1040.000000
250.090570 0.000000
250.090570 1040.000000
250.092234 0.000000
250.192202 1040.000000
250.192202 0.000000
250.192202 1040.000000
250.193866 0.000000
250.420351 1040.000000
250.420351 0.000000
250.837868 1040.000000
250.837868 0.000000
250.850257 1040.000000
250.850257 0.000000
250.874374 1040.000000
250.874374 0.000000
250.960013 1040.000000
250.960013 0.000000
251.182993 1040.000000
251.182993 0.000000
251.182993 1040.000000
251.184657 0.000000
251.572693 1040.000000
251.572693 0.000000
251.615159 1040.000000
251.615159 0.000000
251.637152 1040.000000
251.637152 0.000000
251.763322 1040.000000
251.763322 0.000000
251.870013 1040.000000
251.870013 0.000000
252.001096 1040.000000
252.001096 0.000000
252.337452 1040.000000
252.337452 0.000000
252.581435 1040.000000
252.581435 0.000000
252.678205 1040.000000
252.678205 0.000000
252.678205 1040.000000
252.679869 0.000000
252.812320 1040.000000
252.812320 0.000000
252.836044 1040.000000
252.836044 0.000000
253.061096 1040.000000
253.061096 0.000000
253.432187 1040.000000
253.432187 0.000000
253.625894 1040.000000
253.625894 0.000000
253.625894 1040.000000
253.627558 0.000000
253.882222 1040.000000
253.882222 0.000000
253.882222 1040.000000
253.883886 0.000000
254.127430 1040.000000
254.127430 0.000000
254.423325 1040.000000
254.423325 0.000000
254.429798 1040.000000
254.429798 0.000000
254.567458 1040.000000
254.567458 0.000000
254.640689 1040.000000
254.640689 0.000000
254.664766 1040.000000
254.664766 0.000000
254.664766 1040.000000
254.666430 0.000000
254.839234 1040.000000
254.839234 0.000000
255.112948 1040.000000
255.112948 0.000000
255.112948 1040.000000
255.114612 0.000000
255.175295 1040.000000
255.175295 0.000000
255.301154 1040.000000
255.301154 0.000000
255.301154 1040.000000
255.302818 0.000000
255.303158 1040.000000
255.304482 0.000000
255.315227 1040.000000
255.315227 0.000000
255.327595 1040.000000
255.327595 0.000000
255.550243 1040.000000
255.550243 0.000000
255.908699 1040.000000
255.908699 0.000000
256.025814 1040.000000
256.025814 0.000000
256.039767 1040.000000
256.039767 0.000000
256.175295 1040.000000
256.175295 0.000000
256.292000 1040.000000
256.292000 0.000000
256.292000 1040.000000
256.293664 0.000000
256.317595 1040.000000
256.317595 0.000000
256.627717 1040.000000
256.627717 0.000000
256.749828 1040.000000
256.749828 0.000000
256.771841 1040.000000
256.771841 0.000000
257.080082 1040.000000
257.080082 0.000000
257.080082 1040.000000
257.081746 0.000000
257.504610 1040.000000
257.504610 0.000000
257.538511 1040.000000
257.538511 0.000000
257.719828 1040.000000
257.719828 0.000000
257.830647 1040.000000
257.830647 0.000000
257.864588 1040.000000
257.864588 0.000000
258.175295 1040.000000
258.175295 0.000000
258.208010 1040.000000
258.208010 0.000000
258.479955 1040.000000
258.479955 0.000000
258.479955 1040.000000
258.481619 0.000000
258.539099 1040.000000
258.539099 0.000000
259.142145 1040.000000
259.142145 0.000000
259.659828 1040.000000
259.659828 0.000000
259.785987 1040.000000
259.785987 0.000000
259.992145 1040.000000
259.992145 0.000000
260.417583 1040.000000
260.417583 0.000000
261.692145 1040.000000
261.692145 0.000000
262.175295 1040.000000
262.175295 0.000000
262.305535 1040.000000
262.305535 0.000000
262.305535 1040.000000
262.307199 0.000000
262.808081 1040.000000
262.808081 0.000000
262.808081 1040.000000
262.809745 0.000000
262.936108 1040.000000
262.936108 0.000000
263.539828 1040.000000
263.539828 0.000000
263.560758 1040.000000
263.560758 0.000000
263.776108 1040.000000
263.776108 0.000000
264.156315 1040.000000
264.156315 0.000000
264.156315 1040.000000
264.157979 0.000000
264.180232 1040.000000
264.180232 0.000000
264.414103 1040.000000
264.414103 0.000000
264.414103 1040.000000
264.415767 0.000000
264.780163 1040.000000
264.780163 0.000000
264.792232 1040.000000
264.792232 0.000000
264.836297 1040.000000
264.836297 0.000000
265.091881 1040.000000
265.091881 0.000000
265.428559 1040.000000
265.428559 0.000000
265.428559 1040.000000
265.430223 0.000000
265.430543 1040.000000
265.431887 0.000000
265.444796 1040.000000
265.444796 0.000000
265.444796 1040.000000
265.446460 0.000000
265.665093 1040.000000
265.665093 0.000000
266.042638 1040.000000
266.042638 0.000000
266.045083 1040.000000
266.045083 0.000000
266.045083 1040.000000
266.046747 0.000000
266.057451 1040.000000
266.057451 0.000000
266.094406 1040.000000
266.094406 0.000000
266.263094 1040.000000
266.263094 0.000000
266.701008 1040.000000
266.701008 0.000000
266.723120 1040.000000
266.723120 0.000000
266.725325 1040.000000
266.725325 0.000000
266.896164 1040.000000
266.896164 0.000000
267.325225 1040.000000
267.325225 0.000000
267.352372 1040.000000
267.352372 0.000000
267.519487 1040.000000
267.519487 0.000000
267.519487 1040.000000
267.521151 0.000000
267.974162 1040.000000
267.974162 0.000000
267.974162 1040.000000
267.975826 0.000000
268.164349 1040.000000
268.164349 0.000000
268.188366 1040.000000
268.188366 0.000000
268.666253 1040.000000
268.666253 0.000000
268.666253 1040.000000
268.667917 0.000000
268.798909 1040.000000
268.798909 0.000000
268.798909 1040.000000
268.800573 0.000000
268.800953 1040.000000
268.802237 0.000000
269.297561 1040.000000
269.297561 0.000000
269.319614 1040.000000
269.319614 0.000000
269.319614 1040.000000
269.321278 0.000000
269.405300 1040.000000
269.405300 0.000000
269.417508 1040.000000
269.417508 0.000000
269.417508 1040.000000
269.419172 0.000000
269.950105 1040.000000
269.950105 0.000000
269.964457 1040.000000
269.964457 0.000000
270.038574 1040.000000
270.038574 0.000000
270.071871 1040.000000
270.071871 0.000000
270.116118 1040.000000
270.116118 0.000000
270.169614 1040.000000
270.169614 0.000000
270.739541 1040.000000
270.739541 0.000000
270.739541 1040.000000
270.741205 0.000000
270.805720 1040.000000
270.805720 0.000000
270.805720 1040.000000
270.807384 0.000000
270.808081 1040.000000
270.809048 0.000000
271.372777 1040.000000
271.372777 0.000000
271.376966 1040.000000
271.376966 0.000000
271.444530 1040.000000
271.444530 0.000000
271.473562 1040.000000
271.473562 0.000000
271.993381 1040.000000
271.993381 0.000000
271.993381 1040.000000
271.995045 0.000000
272.007514 1040.000000
272.007514 0.000000
272.080105 1040.000000
272.080105 0.000000
272.080105 1040.000000
272.081769 0.000000
272.135819 1040.000000
272.135819 0.000000
272.611235 1040.000000
272.611235 0.000000
272.623123 1040.000000
272.623123 0.000000
272.623123 1040.000000
272.624787 0.000000
272.649264 1040.000000
272.649264 0.000000
272.711651 1040.000000
272.711651 0.000000
272.723559 1040.000000
272.723559 0.000000
272.723559 1040.000000
272.725223 0.000000
272.781818 1040.000000
272.781818 0.000000
273.215791 1040.000000
273.215791 0.000000
273.217815 1040.000000
273.217815 0.000000
273.229864 1040.000000
273.229864 0.000000
273.242072 1040.000000
273.242072 0.000000
273.242072 1040.000000
273.243736 0.000000
273.359411 1040.000000
273.359411 0.000000
273.377672 1040.000000
273.377672 0.000000
273.858704 1040.000000
273.858704 0.000000
273.870772 1040.000000
273.870772 0.000000
273.904954 1040.000000
273.904954 0.000000
273.994103 1040.000000
273.994103 0.000000
274.147672 1040.000000
274.147672 0.000000
274.479649 1040.000000
274.479649 0.000000
274.638404 1040.000000
274.638404 0.000000
274.773881 1040.000000
274.773881 0.000000
275.118465 1040.000000
275.118465 0.000000
275.118465 1040.000000
275.120129 0.000000
275.294976 1040.000000
275.294976 0.000000
275.294976 1040.000000
275.296640 0.000000
275.401728 1040.000000
275.401728 0.000000
275.720185 1040.000000
275.720185 0.000000
275.720185 1040.000000
275.721849 0.000000
275.732134 1040.000000
275.732134 0.000000
275.936362 1040.000000
275.936362 0.000000
275.950574 1040.000000
275.950574 0.000000
276.049987 1040.000000
276.049987 0.000000
276.397152 1040.000000
276.397152 0.000000
276.565994 1040.000000
276.565994 0.000000
276.572227 1040.000000
276.572227 0.000000
276.701948 1040.000000
276.701948 0.000000
276.701948 1040.000000
276.703612 0.000000
277.051534 1040.000000
277.051534 0.000000
277.132435 1040.000000
277.132435 0.000000
277.174031 1040.000000
277.174031 0.000000
277.186440 1040.000000
277.186440 0.000000
277.374171 1040.000000
277.374171 0.000000
277.820070 1040.000000
277.820070 0.000000
277.836407 1040.000000
277.836407 0.000000
278.007150 1040.000000
278.007150 0.000000
278.649507 1040.000000
278.649507 0.000000
278.649507 1040.000000
278.651171 0.000000
278.652435 1040.000000
278.652835 0.000000
279.399507 1040.000000
279.399507 0.000000
280.117946 1040.000000
280.117946 0.000000
280.117946 1040.000000
280.119610 0.000000
280.787227 1040.000000
280.787227 0.000000
280.803444 1040.000000
280.803444 0.000000
281.467936 1040.000000
281.467936 0.000000
281.467936 1040.000000
281.469600 0.000000
281.492193 1040.000000
281.492193 0.000000
281.692435 1040.000000
281.692435 0.000000
282.154515 1040.000000
282.154515 0.000000
282.181116 1040.000000
282.181116 0.000000
282.384956 1040.000000
282.384956 0.000000
282.384956 1040.000000
282.386620 0.000000
282.841646 1040.000000
282.841646 0.000000
282.914515 1040.000000
282.914515 0.000000
283.055830 1040.000000
283.055830 0.000000
283.071987 1040.000000
283.071987 0.000000
283.592673 1040.000000
283.592673 0.000000
283.592673 1040.000000
283.594337 0.000000
283.714218 1040.000000
283.714218 0.000000
283.714218 1040.000000
283.715882 0.000000
283.762412 1040.000000
283.762412 0.000000
284.223750 1040.000000
284.223750 0.000000
284.223750 1040.000000
284.225414 0.000000
284.237962 1040.000000
284.237962 0.000000
284.369872 1040.000000
284.369872 0.000000
284.420490 1040.000000
284.420490 0.000000
284.931673 1040.000000
284.931673 0.000000
285.033130 1040.000000
285.033130 0.000000
285.093352 1040.000000
285.093352 0.000000
285.572853 1040.000000
285.572853 0.000000
285.648510 1040.000000
285.648510 0.000000
285.743437 1040.000000
285.743437 0.000000
285.743437 1040.000000
285.745101 0.000000
286.408230 1040.000000
286.408230 0.000000
286.430382 1040.000000
286.430382 0.000000
286.808081 1040.000000
286.808081 0.000000
287.082405 1040.000000
287.082405 0.000000
287.082405 1040.000000
287.084069 0.000000
287.114042 1040.000000
287.114042 0.000000
287.148510 1040.000000
287.148510 0.000000
287.449695 1040.000000
287.449695 0.000000
287.449695 1040.000000
287.451359 0.000000
287.732856 1040.000000
287.732856 0.000000
287.754989 1040.000000
287.754989 0.000000
288.388045 1040.000000
288.388045 0.000000
288.402298 1040.000000
288.402298 0.000000
289.030286 1040.000000
289.030286 0.000000
289.030286 1040.000000
289.031950 0.000000
289.684512 1040.000000
289.684512 0.000000
290.148510 1040.000000
290.148510 0.000000
290.316217 1040.000000
290.316217 0.000000
290.414512 1040.000000
290.414512 0.000000
290.766677 1040.000000
290.766677 0.000000
290.766677 1040.000000
290.768341 0.000000
290.968105 1040.000000
290.968105 0.000000
291.059058 1040.000000
291.059058 0.000000
291.059058 1040.000000
291.060722 0.000000
291.418438 1040.000000
291.418438 0.000000
291.592587 1040.000000
291.592587 0.000000
291.731817 1040.000000
291.731817 0.000000
292.029486 1040.000000
292.029486 0.000000
292.158438 1040.000000
292.158438 0.000000
292.211793 1040.000000
292.211793 0.000000
292.211793 1040.000000
292.213457 0.000000
292.356252 1040.000000
292.356252 0.000000
292.662235 1040.000000
292.662235 0.000000
292.781504 1040.000000
292.781504 0.000000
292.781504 1040.000000
292.783168 0.000000
292.835931 1040.000000
292.835931 0.000000
292.847839 1040.000000
292.847839 0.000000
292.847839 1040.000000
292.849503 0.000000
292.967120 1040.000000
292.967120 0.000000
293.292917 1040.000000
293.292917 0.000000
293.439627 1040.000000
293.439627 0.000000
293.470137 1040.000000
293.470137 0.000000
293.482085 1040.000000
293.482085 0.000000
293.576031 1040.000000
293.576031 0.000000
293.935302 1040.000000
293.935302 0.000000
293.935302 1040.000000
293.936966 0.000000
294.033189 1040.000000
294.033189 0.000000
294.123885 1040.000000
294.123885 0.000000
294.222085 1040.000000
294.222085 0.000000
294.576199 1040.000000
294.576199 0.000000
294.582047 1040.000000
294.582047 0.000000
294.582047 1040.000000
294.583711 0.000000
294.844692 1040.000000
294.844692 0.000000
294.844692 1040.000000
294.846356 0.000000
295.179406 1040.000000
295.179406 0.000000
295.201359 1040.000000
295.201359 0.000000
295.227420 1040.000000
295.227420 0.000000
295.431932 1040.000000
295.431932 0.000000
295.431932 1040.000000
295.433596 0.000000
295.446005 1040.000000
295.446005 0.000000
295.845735 1040.000000
295.845735 0.000000
295.845735 1040.000000
295.847399 0.000000
296.087341 1040.000000
296.087341 0.000000
296.087341 1040.000000
296.089005 0.000000
296.111278 1040.000000
296.111278 0.000000
296.470793 1040.000000
296.470793 0.000000
296.472877 1040.000000
296.472877 0.000000
296.710099 1040.000000
296.710099 0.000000
296.724211 1040.000000
296.724211 0.000000
296.724211 1040.000000
296.725875 0.000000
297.064820 1040.000000
297.064820 0.000000
297.064820 1040.000000
297.066484 0.000000
297.106820 1040.000000
297.106820 0.000000
297.334905 1040.000000
297.334905 0.000000
297.412310 1040.000000
297.412310 0.000000
297.444211 1040.000000
297.444211 0.000000
297.712038 1040.000000
297.712038 0.000000
297.714162 1040.000000
297.714162 0.000000
297.714162 1040.000000
297.715826 0.000000
297.728115 1040.000000
297.728115 0.000000
298.327190 1040.000000
298.327190 0.000000
298.363495 1040.000000
298.363495 0.000000
298.884211 1040.000000
298.884211 0.000000
298.976661 1040.000000
298.976661 0.000000
299.012068 1040.000000
299.012068 0.000000
299.511987 1040.000000
299.511987 0.000000
299.511987 1040.000000
299.513651 0.000000
299.672183 1040.000000
299.672183 0.000000
299.672183 1040.000000
299.673847 0.000000
