20 762.174440
21 762.944568
22 763.842884
23 760.628185
24 759.442237
25 759.529392
26 760.428976
27 763.979205
28 760.612836
29 754.129096
30 764.050003
31 764.552613
32 763.753314
33 754.931846
34 763.292245
35 762.790460
36 760.420628
37 744.329691
38 762.487523
39 763.027120
40 764.947385
41 764.891066
42 764.411596
43 764.172523
44 763.879786
45 722.387798
46 752.050923
47 764.631734
48 751.173827
49 761.821905
50 761.228989
51 761.365845
52 764.333623
53 764.818846
54 764.703940
55 763.994243
56 762.519186
57 762.544955
58 754.533058
59 765.617611
