10 751.503595
11 764.305037
12 759.856290
13 763.971009
14 763.382382
15 760.110424
16 763.168048
17 764.075880
18 764.236966
19 763.686612
20 764.169826
21 758.661841
22 762.773238
23 755.459044
24 762.309490
25 762.510279
26 763.175284
27 763.951104
28 764.218265
29 764.300207
30 755.136207
31 760.293073
32 759.483293
33 759.622325
34 758.830936
35 762.716467
36 762.712614
37 763.620998
38 760.100827
39 754.983652
40 764.248838
41 764.296295
42 760.014270
43 763.653746
44 753.767202
45 760.761651
46 754.340780
47 763.990145
48 764.038313
49 757.771109
50 764.377955
51 754.119002
52 764.222261
53 764.490670
54 757.784327
55 761.525090
56 764.174324
57 764.255052
58 759.005504
59 763.977504
